      1.3503253
      1.0990437
     0.53861565
     0.55403731
     0.36804706
     0.55932089
      1.4318941
      2.1053217
     0.83187108
      1.3514740
      1.4973944
      2.1724311
      1.9384724
      1.3426917
      1.4879498
     0.97050816
      2.1522930
      1.7190332
      1.3454632
      1.3822397
      1.3219048
     0.37056618
      1.0107482
     0.52838192
     0.61212807
      1.1585728
     0.65805512
      1.4587252
     0.63849125
     0.70218115
      1.0316276
      1.6816332
     0.59952800
      1.1310499
      1.3205485
      1.1075739
     0.89927257
     0.78126634
      1.3204644
      1.2565030
     0.68272247
     0.65996059
     0.48205376
     0.89643561
     0.71630252
      1.3084547
     0.37742068
      2.0298870
      1.0000371
     0.74466885
      1.0728222
     0.74783689
     0.65928240
      1.0089313
      2.2909961
      1.2411053
      1.3906286
      1.0865885
      1.7245539
      1.1054044
      1.2334266
     0.70446320
      1.2261876
     0.93569652
      1.9592150
      1.7019108
      1.8207827
     0.53738196
     0.62104982
     0.66341463
      1.4918030
      1.0365265
      2.5279420
      1.4460009
      1.1029347
     0.70078488
      1.3419360
      2.0955599
      2.1680823
     0.94743767
      2.2839282
      1.4172058
     0.46457722
     0.45817342
      1.2139387
      1.1672555
      1.5250156
     0.85199884
     0.63313430
      3.0065807
      1.1889941
      1.4639722
      1.3090585
     0.84290401
     0.54817184
      1.2513434
      1.1520449
     0.83032133
      1.0306202
     0.87869297
