      1.5604471
      1.7116226
      1.1287627
      1.2047712
      2.2673338
     0.83310573
     0.61745428
      1.8143403
      1.2000879
      2.0069966
     0.41528814
      1.7050828
     0.83746570
      1.3854616
     0.84683419
      1.0254765
     0.97095441
      1.4093741
      1.4065790
      1.8537932
     0.63984684
      1.5729619
     0.42798542
      1.6896661
      2.2019333
      1.3511798
     0.77668035
      1.0945932
      1.3602311
     0.88122565
      1.3838392
      1.6163398
      1.7559288
     0.68066613
      1.7624450
      1.9457344
      1.1505164
      1.3565948
      1.4790532
      2.3227875
      1.2077867
      1.9249303
      1.3694665
     0.92363843
      1.4622718
     0.73735887
      1.8496667
      1.8890319
      1.8152680
     0.87065789
     0.95387384
     0.79537863
     0.94075009
      2.1640827
      1.6811119
      1.4324308
      2.3281515
     0.73247027
     0.56888301
      1.2860915
      1.4023909
      2.1405925
     0.56132614
      1.2567684
     0.68656581
      2.0868444
     0.34945377
      1.6749020
     0.44908241
      2.1085269
      1.4397410
      1.3533366
      1.2489337
      1.4615303
     0.54215172
      1.2779961
      1.1828656
      1.2262032
      1.5603285
      1.3941769
      1.6276073
      1.2505131
     0.63274061
      1.8237107
     0.79833577
     0.81353734
      1.9764087
      1.7084946
      2.0349626
      1.5119299
      1.0201903
      2.0626140
      2.3139916
      1.5007917
      1.1361817
      1.2406816
      1.7280034
      1.2820079
     0.90479916
      1.8160527
     0.94397508
     0.93557603
      1.0467109
     0.50240152
      1.2806119
      1.1374588
      1.4941398
      1.1210417
      1.3231058
     0.61396299
      1.5016603
      1.0141958
      1.9546792
      1.4690534
      2.0016737
      1.1460911
      1.9148882
      1.1940122
     0.57503843
     0.88919243
     0.99634325
     0.85426182
      1.4087663
      1.8485958
     0.93364910
      1.2486350
     0.20758554
      1.6949210
      1.9275683
      1.6273159
      1.9234037
      1.1394920
      2.0463927
      2.1971265
     0.93093306
     0.41751441
      1.6876483
     0.50862597
     0.86211033
      1.7447070
     0.74469035
      1.7689987
      1.9506650
      1.2188878
      1.6987963
      1.1860531
     0.55382103
      1.8632119
      1.1505148
      1.1834256
     0.58942039
      1.5718618
      1.3368673
      2.7670471
     0.55227756
     0.98346500
     0.61441571
      1.5864772
      1.1226031
     0.96300959
     0.72512886
      1.2361578
      2.1790519
     0.69075646
      1.1094901
      1.0379222
      1.1494104
      1.4874139
      2.3643515
      1.8386268
      1.1882049
      1.2539715
      1.0581507
     0.50065257
      2.6135813
     0.48430516
     0.68834408
      1.6756933
      1.3579347
      1.2716071
      1.1433534
      1.4209831
      1.7765114
      1.4159183
      1.9294195
      1.4649800
     0.87399123
      1.2246904
      1.0017437
      1.3967074
      1.0648393
     0.58547222
      1.1933721
     0.86423181
      1.7396950
     0.99192777
     0.80432262
      1.9672767
      1.1999276
      1.2585413
      2.0249805
      1.2406663
      2.1753589
      1.6496139
      1.0375881
      2.0924392
     0.60296106
     0.83257248
      1.6096136
      1.2216962
     0.80625163
      1.2868792
      1.3165050
      2.1001009
     0.49846128
      1.5899410
     0.83502920
      1.1797967
      1.4958034
     0.55158502
      1.1427219
      1.3703083
     0.52345289
      1.6164611
      1.1845089
     0.61967975
      1.3746661
      1.0578556
      1.5057482
      1.3552622
      1.5352587
      2.4156095
      1.4932220
      1.5849525
     0.76467296
      1.5545453
      1.0561004
      1.8971783
     0.79934687
      1.4667550
      1.7712410
      1.5087268
      2.0509017
      2.2386412
      1.0675696
     0.76996256
      1.2521630
     0.92661954
      1.9870796
      1.1322017
      1.0728645
     0.82643496
     0.92246331
      1.6042436
      1.5339643
      1.3879996
      1.7478480
      1.5424023
      2.2212972
      1.1977188
      1.6937612
      1.0810237
      1.6642351
      1.3163299
      1.3403178
     0.92512827
      1.6765905
      1.8106315
      1.4927780
      1.3743919
      1.5572704
      1.2731801
      1.1653122
      1.0132156
      1.8452675
      2.2880956
      1.5434077
      1.1859641
     0.38686926
      1.2899849
      1.0253167
      1.5546519
      1.3586738
     0.26150409
      1.9527212
      1.3290474
      2.0060270
     0.75037557
      2.0044219
      1.3215950
      1.2782321
      1.1825528
     0.99682396
      1.2835715
      1.5266410
      1.7382018
     0.65929858
     0.80156618
     0.63378921
      1.2841132
      2.1617990
      1.5311510
      2.3075242
     0.66998758
      1.2602390
      1.5164806
      2.6771727
      2.3676425
     0.96577895
      1.0370383
      1.6151829
      1.0956196
      1.6856831
      2.1106130
      1.7934280
     0.78434177
     0.88760446
      1.1355334
      1.1101322
      1.9737246
      1.1325203
      1.9862149
      1.0762745
     0.83414339
      1.3969309
     0.56088408
     0.94210942
      1.3888864
      1.3293515
     0.78891324
      1.3329241
      1.4739312
      1.8823683
     0.94775018
      1.2094961
      1.2648188
      2.1073726
      1.3466892
      2.4687782
      1.4012792
      1.5605645
     0.50240765
      1.1863436
     0.86549966
      1.2021830
      1.0577026
     0.82859796
      1.1873438
      2.7766502
      1.6510638
      1.1867572
     0.67585500
      2.4022495
      1.1461100
      2.3936277
      1.0459922
      1.4569785
     0.54468437
      1.7323650
      1.1134109
      1.6382709
      1.0606687
     0.72656685
      1.4074736
      1.8002890
     0.63253354
      1.4860464
      2.2434802
     0.45439371
      1.3515154
     0.69987336
     0.74837085
      1.5420743
      1.2422120
      1.2784765
      1.2947754
      1.3533932
      1.6553368
      2.8414056
      1.4306174
     0.73080201
      1.0492738
     0.34953845
      1.9590675
      1.7490208
      1.1747252
     0.55222579
      1.4715384
      1.2309233
      1.7298351
     0.63956485
     0.73992779
     0.60635619
      1.9443191
      1.0178055
     0.77338348
      2.2511236
      1.5240812
     0.49641251
      1.0493546
     0.67379288
      1.3448888
      1.2272926
      2.6542036
      1.2127596
      1.5038903
      2.4982622
      1.5573096
      1.6981724
     0.74567283
      1.6118865
      2.7058040
      1.6273232
      1.0477860
     0.80782959
     0.38092641
      1.5081580
      1.7885997
     0.35032724
      1.0067754
     0.44157173
      1.8878672
      1.2525742
     0.89082693
     0.72791684
      1.5587730
     0.94322980
     0.90089387
      1.1331764
      1.2480767
     0.43346358
     0.69007779
      1.9946907
      1.6834874
     0.50999769
      1.7428696
      1.7373969
      1.1024767
     0.77644884
      1.3272407
      1.0887950
     0.87445061
     0.89465320
      1.6926683
      2.2741156
      1.8582514
      1.1283632
      1.7783002
      1.8794383
      1.3709639
     0.97840194
      2.1054905
      2.6333148
      1.4447453
      1.9852359
      2.1529202
      1.6172605
      1.1383701
     0.96596394
     0.69971378
      1.0172182
     0.94044940
      1.8153030
      2.0814545
     0.89149908
      1.7518380
     0.59526499
     0.83684226
     0.85174520
      1.1171856
      2.1265830
      1.1684621
     0.65204045
     0.84674334
      1.2135900
      1.8196364
      1.0827522
      1.4019628
     0.76971639
      1.5004026
      2.0506436
     0.93292196
      1.7583114
      2.5508301
      2.5211107
      1.1911086
      1.2183871
      1.1645496
      1.2748574
      1.3813885
     0.98511130
     0.88585179
      1.3341662
      1.8636277
     0.82080717
     0.79073129
     0.88393323
      2.4885720
      1.4354940
     0.95378350
