      2.1637613
     0.80503411
      1.4125127
      1.2140445
      1.6923532
      1.1440926
      1.0457285
      1.7970746
      1.9205960
      1.4427185
      1.1861858
     0.93794722
      2.4791981
      2.4558510
     0.69821998
     0.42805635
      1.9518778
     0.61425744
      2.3587826
     0.89174764
     0.55763171
      2.1424094
      1.4450404
      2.9053240
      1.6431205
      1.5148413
      1.5958449
      1.4554188
      2.6257213
     0.77152201
      1.7822374
      2.3227034
      1.2057572
      1.2519010
      1.3288933
      1.4314448
      2.1084304
      2.9564939
     0.86407592
     0.55403234
      2.8616151
      1.3450402
      1.1324247
     0.47271058
     0.66807361
      1.8790860
      1.9091875
      1.6908010
      1.4209677
      1.9401547
      1.6747236
      1.6112759
     0.93086962
      1.1809214
      2.7429239
      1.8425936
     0.57848174
      2.4319012
      2.6770689
      1.3755771
      2.3174073
      2.4620167
      1.5551054
      1.7333976
      1.7977459
     0.26985122
      1.8538156
     0.75762546
      1.5856167
      2.2987133
      1.2901970
     0.68927152
      1.0241729
      1.0894113
      1.4766187
      1.9231287
      1.4003808
      1.6488010
      1.4163418
      1.6857440
     0.83612879
     0.70931141
      3.5230900
      1.2229325
      2.3700838
      1.4494178
      1.2812081
      1.9229759
      2.1866778
     0.77848457
      2.3142115
      2.8510808
     0.34112527
      1.2848602
      2.0249814
      1.6923849
      2.4258664
      1.7728666
      1.3111737
      1.6290584
      2.0331078
      2.6847741
      1.2726297
      2.5204132
     0.59510932
      1.3998086
      1.2458551
      2.2989464
      1.6617977
      2.6357112
      2.0700759
      2.4205163
      1.6455862
      1.3901730
      1.7117828
     0.53903146
      1.3499829
      1.0458582
      2.3812503
      2.4408192
     0.83979625
      1.1375375
      2.0171136
      2.9379919
     0.62678892
      1.6973154
     0.87307576
      1.9339311
      1.7511402
      3.9017175
     0.60512002
      1.5317366
      2.7639229
      1.2923742
      2.3634008
      1.8610673
      1.1644871
      1.8406385
     0.65656122
      1.1907436
      1.4792614
     0.89619200
      1.0009042
      1.3582984
      3.1590378
      1.0745466
     0.99761930
      1.5749520
      1.0559232
      1.7397056
      2.1647183
      1.2276031
      1.0747340
      1.8474270
      1.1414249
      1.0293043
      1.1594845
      1.5671748
     0.89952872
      1.9563280
      2.0088021
     0.55749496
      1.8622194
     0.87145930
      1.5103137
      1.3534485
      1.2916027
      1.3316282
      2.5900814
      2.1142837
      1.7453495
      2.1642240
      1.3141790
     0.65283982
      2.0205440
      1.9800737
      1.6573912
      1.6033800
      1.7838740
      1.8347416
      1.3667753
      1.1206338
      2.1885251
      1.5198818
      1.3931347
      1.4813300
      2.2637792
      1.0202710
      2.2694986
      1.4766119
      1.4266159
      1.9279765
      2.8230042
      1.9350032
      1.7638500
      1.4927082
      3.3262640
      2.0718471
     0.48877221
      1.1251476
     0.87346430
     0.73017145
      1.5706111
      1.7540115
      1.8265358
      1.7880276
      1.2490048
      1.4061590
      2.1655265
      2.1569924
      1.8317388
      1.9910909
     0.82131690
     0.94544479
      2.8933049
      1.7575558
      1.2623454
      1.8030044
      2.1558576
      2.1980651
     0.92546881
      1.8235190
      1.6001533
      1.7428632
      1.4373941
      1.2839592
      1.4567655
      2.2739147
      1.5788469
      2.0102594
      2.4190819
      1.0244240
     0.83851116
      1.9906717
      2.2970919
      2.0867743
      2.6284322
      1.3687309
      2.4997912
      1.2742763
     0.87295254
      1.2351386
      1.6107050
      1.5099847
      1.2654762
      2.5743863
      1.8496086
      2.4473597
      1.4374180
      1.5952010
      1.7412515
     0.96758316
      1.0315630
     0.57297442
      1.4435032
      1.9007618
      1.4988233
      1.8175380
     0.89043703
      1.0592123
      2.0853545
      1.4790358
      2.0268379
      2.3381583
      1.4293749
      1.6168602
      2.0413523
      2.1452149
      1.6638244
      2.1591448
      1.9215591
     0.67433423
      2.4242268
      1.6207146
      1.7735841
      1.6410716
      1.5601065
      1.9254133
      1.7377199
      2.0374481
      4.3653297
      1.6482520
      1.8631932
      2.7836072
     0.52597056
      1.9309549
     0.77463723
     0.84902764
     0.26481047
      1.2965443
      1.3608620
      1.9763391
      1.8465565
     0.88962248
      3.1288658
      1.1991128
      1.8289907
      1.6962923
     0.79993055
      1.7104094
      2.1888438
      1.5878378
      2.1246949
      2.0449769
      2.1848705
     0.81762785
      1.9164868
      1.5938759
      2.5939552
      2.1587463
      2.8544670
      1.7638862
      2.1137599
      3.6159648
      1.0521879
      1.5551883
      2.3265686
      2.5867282
      1.5422163
      2.4199409
     0.99774068
      2.0825132
     0.78958800
      2.0747948
      1.3575964
      2.4609880
      1.1813036
     0.96696345
      2.5642620
      1.7776291
      2.0551715
     0.78086314
      1.9753193
     0.87847076
      2.2969460
      1.3254050
      1.2162754
      1.7198092
     0.94779918
      1.2374910
      2.1024709
     0.89599780
     0.61609313
      1.4787949
      1.4445051
      1.0237343
     0.90595724
      2.0343845
      1.5171926
      1.6621215
      1.4094708
     0.48985500
      1.5955236
      1.1627393
     0.34155325
      1.0730233
      2.2916913
      1.8480347
      1.1883469
      1.8944834
     0.96590131
      2.5470467
      2.6400472
      1.3947206
      1.3216677
     0.99982320
      1.0570620
      2.0082921
      1.8341758
     0.63014828
      1.1450967
      1.1129023
      1.6390715
      1.0778253
      1.1467566
      1.4719806
      2.6385199
      2.5548429
      1.5533121
      1.3473151
      1.1842059
      2.1946093
      1.1876792
      1.9352102
      3.5940416
      2.3880779
      2.1760738
      2.4906005
      1.6208880
      1.2352866
      1.6203223
      2.5218094
      1.3583750
     0.88981132
      1.6435072
      1.4449921
      2.9359964
      3.2834673
      1.5571040
      1.8998994
      1.3542715
      1.8214639
      1.4591244
      1.5511644
      1.9533097
      1.2862442
      3.2677873
      2.0560424
      2.3931536
      1.7206446
      1.9362869
      1.8241253
      1.9680455
      1.2550571
     0.85958435
      2.2472577
      1.7267159
     0.56892111
      1.2778855
      2.6502351
      1.7486461
      1.3232405
      2.2706304
     0.93275656
      1.7463014
      1.1322455
      1.9979820
      1.3141392
      1.4138214
      2.6189366
      1.5955177
      1.4721759
      1.3388224
      1.5028368
      1.7806258
      2.3615759
      2.2283161
      1.3783044
      1.6868108
      1.1244990
      2.0443256
      1.4646593
      1.3947649
      1.6177281
      2.3226753
      1.9886620
      1.3308212
     0.86136908
     0.77705077
      1.4031925
      2.5603714
      2.7879432
      1.1245334
      1.4923124
      1.2823069
     0.96062631
      2.7542346
      1.5954350
      1.4347540
      1.2579009
     0.62612399
      2.6442923
      1.3069509
      2.4396526
      1.1561127
      1.2546268
     0.93913726
      2.1170890
      1.9801359
      1.5797008
      1.5118972
      1.4721057
      1.6598315
      1.4582140
      1.1468152
      1.0050050
      1.9338877
      2.3269221
      2.4178633
      1.3379987
      2.4172693
      1.5634110
      1.6709233
      1.5516664
      2.9812939
      1.5834418
      1.1410204
      1.1594082
     0.27927605
     0.60097866
      1.4984958
      2.0761101
      2.0766656
      2.6923831
      2.8205426
      1.2485315
      2.7033130
     0.35502078
      1.3189071
      1.6725732
