      3.3240550
      3.2604940
      3.2427476
      3.2479198
      3.2448371
      3.2462055
      3.2410013
      3.2401490
      3.2433080
      3.2351800
      3.2401302
      3.2324340
      3.2290213
      3.2390108
      3.2357684
      3.2300163
      3.2325209
      3.2282220
      3.2342554
      3.2371621
      3.2355082
      3.2307705
      3.2385177
      3.2269562
      3.2293156
      3.2286884
      3.2237063
      3.2216939
      3.2201660
      3.2235612
      3.2229132
      3.2266695
      3.2363689
      3.2292239
      3.2242624
      3.2226237
      3.2235304
      3.2252281
      3.2294810
      3.2307740
      3.2264959
      3.2239114
      3.2210964
      3.2206527
      3.2348292
      3.2226551
      3.2190993
      3.2171771
      3.2233164
      3.2249334
      3.2245654
      3.2262771
      3.2288400
      3.2136666
      3.2156502
      3.2164277
      3.2248917
      3.2156768
      3.2144238
      3.2030004
      3.2313439
      3.2155977
      3.2081194
      3.2066583
      3.2051736
      3.2031067
      3.2113177
      3.2058781
      3.2045000
      3.2017181
      3.1987934
      3.1988049
      3.1923836
      3.2041424
      3.1895238
      3.1837476
      3.1809079
      3.1775745
      3.1768413
      3.1755247
      3.1793558
      3.1706632
      3.1640067
      3.1647433
      3.1688877
      3.1542015
      3.1542455
      3.1508040
      3.1520333
      3.1398688
      3.1482854
      3.1428413
      3.1476793
      3.1494467
      3.1498274
      3.1361612
      3.1374289
      3.1304139
      3.1388575
      3.1321358
      3.1391595
      3.1310657
      3.1370574
      3.1322405
      3.1357494
      3.1318837
      3.1342954
      3.1308312
      3.1276257
      3.1224166
      3.1196790
      3.1182867
      3.1178807
      3.1169525
      3.1177630
      3.1176102
      3.1187147
      3.1171213
      3.1100289
      3.1174971
      3.1184604
      3.1055240
      3.1081171
      3.1043996
      3.1032778
      3.1068648
      3.0964630
      3.0985577
      3.0978275
      3.0926423
      3.0973384
      3.0941458
      3.0990055
      3.0943287
      3.0905979
      3.0959480
      3.0903539
      3.0877647
      3.0934607
      3.0889478
      3.0926292
      3.0828273
      3.0822167
      3.0895242
      3.0884494
      3.0847069
      3.0847072
      3.0881107
      3.0869841
      3.0814165
      3.0842787
      3.0894883
      3.0850171
      3.0866553
      3.0816005
      3.0854889
      3.0810032
      3.0898680
      3.0881163
      3.0849284
      3.0825984
      3.0854412
      3.0845818
      3.0871829
      3.0897832
      3.0879890
      3.0849409
      3.0802843
      3.0833756
      3.0845788
      3.0863927
      3.0829024
      3.0901004
      3.0840590
      3.0831284
      3.0825812
      3.0828941
      3.0869649
      3.0818044
      3.0867066
      3.0875637
      3.0847087
      3.0870529
      3.0851369
      3.0834672
      3.0876436
      3.0835086
      3.0850707
      3.0855397
      3.0825443
      3.0800330
      3.0858839
      3.0820094
      3.0822186
      3.0842230
      3.0862127
      3.0840175
      3.0836112
      3.0836985
      3.0814631
