      3.3244592
      3.2458961
      3.2508919
      3.2449252
      3.2520500
      3.2426510
      3.2424020
      3.2424434
      3.2418205
      3.2416979
      3.2323464
      3.2329211
      3.2446190
      3.2375738
      3.2314420
      3.2333787
      3.2367643
      3.2206123
      3.2239695
      3.2289591
      3.2261664
      3.2340867
      3.2309447
      3.2291591
      3.2370834
      3.2360091
      3.2354611
      3.2301901
      3.2268224
      3.2331744
      3.2294316
      3.2310771
      3.2323332
      3.2199308
      3.2361684
      3.2230640
      3.2266913
      3.2276629
      3.2296294
      3.2261130
      3.2238003
      3.2269327
      3.2273045
      3.2260462
      3.2199569
      3.2230861
      3.2131263
      3.2228163
      3.2229123
      3.2130388
      3.2173895
      3.2189558
      3.2133291
      3.2168581
      3.2109121
      3.2070590
      3.2099654
      3.2087396
      3.1994318
      3.2009807
      3.1995043
      3.2005886
      3.2008782
      3.1939588
      3.1904917
      3.1873818
      3.1838896
      3.1869282
      3.1844127
      3.1818471
      3.1781230
      3.1705436
      3.1726760
      3.1667456
      3.1648410
      3.1590074
      3.1618285
      3.1597528
      3.1544877
      3.1560937
      3.1554577
      3.1468428
      3.1412055
      3.1537614
      3.1400367
      3.1389479
      3.1366547
      3.1375802
      3.1352483
      3.1341119
      3.1356567
      3.1364708
      3.1324220
      3.1363103
      3.1342760
      3.1250150
      3.1304952
      3.1323582
      3.1272919
      3.1290746
      3.1339698
      3.1234350
      3.1216803
      3.1199701
      3.1199481
      3.1150140
      3.1107683
      3.1149102
      3.1134964
      3.1086511
      3.1051201
      3.1023860
      3.1019293
      3.1054707
      3.1024920
      3.0937624
      3.0988592
      3.0993207
      3.0962647
      3.0942860
      3.0932343
      3.0932900
      3.0850902
      3.0870025
      3.0913937
      3.0952002
      3.0912658
      3.0895325
      3.0923995
      3.0823469
      3.0822404
      3.0855232
      3.0848131
      3.0871122
      3.0895862
      3.0852182
      3.0855938
      3.0883282
      3.0881765
      3.0841739
      3.0928354
      3.0847841
      3.0895976
      3.0908697
      3.0841015
      3.0875261
      3.0799428
      3.0891013
      3.0848589
      3.0833517
      3.1101888
      3.0869408
      3.1009278
      3.0881072
      3.0960585
      3.0852230
      3.0825102
      3.0870140
      3.0813715
      3.0861111
      3.0851320
      3.0870227
      3.0819424
      3.0819419
      3.0819250
      3.0856981
      3.0868753
      3.0831685
      3.0855309
      3.0879765
      3.0843871
      3.0819742
      3.0787413
      3.0846032
      3.0860742
      3.0814769
      3.0835145
      3.0824349
      3.0897480
      3.0848064
      3.0801009
      3.0820414
      3.0877370
      3.0840302
      3.0869182
      3.0838019
      3.0846780
      3.0851019
      3.0900914
      3.0822330
      3.0845431
      3.0882996
      3.0878696
      3.0867836
      3.0847670
      3.0813211
      3.0843080
      3.0794574
      3.0845331
      3.0818612
