      1.3123728
      1.2663831
      1.2060064
      1.5578184
      1.5599578
     0.33343617
      2.4965864
      1.8330172
      1.6261555
      1.6371866
      1.5182834
      1.1724084
     0.52494662
      2.0273167
      1.0522977
     0.72395280
      1.8645221
      1.0166280
      1.4945587
     0.88362968
     0.38892347
      1.0432426
      1.0589610
     0.56662032
     0.85135653
     0.60098724
      1.4996025
      1.6392835
      2.0806955
     0.87069465
      1.5434114
     0.30477195
     0.49557624
      1.0951872
      2.0395079
      1.6614119
      1.7055938
      1.0476140
      1.1002662
      1.5598459
     0.81140692
     0.83618394
      2.0892346
      1.5579078
      1.3009411
      1.0671376
     0.92787338
     0.83665682
     0.64712427
     0.59338553
