     0.77426784
      1.0575809
     0.87479602
      1.3896153
      1.6487281
      1.3708225
     0.86385515
      1.1928202
      1.1245896
     0.49817216
      1.3816642
      1.3050550
      1.0926089
     0.73469618
      1.6277921
     0.99035946
      1.6520027
     0.89961223
      1.8490425
      1.3910319
      1.8991707
      1.1217254
     0.36193720
     0.58177182
      1.6977088
      1.0777770
     0.84642388
     0.95114541
      1.6686588
      1.7479291
      1.2142993
      1.7325461
      1.1196695
     0.78723635
     0.98341572
      1.1777335
      1.2447650
     0.54005548
      1.4405398
      1.5329697
      1.0589800
      1.4667459
      1.1411932
      1.0521450
      1.0028438
      1.2488025
      2.0234824
     0.69911959
      1.3200337
      1.3082359
