     0.81032782
     0.80653219
      1.0850908
     0.77647907
      1.0649448
      1.7074396
      1.0826626
      1.8055860
     0.90514168
     0.68319746
      1.2439219
     0.45528127
      2.2563511
     0.67134846
     0.96389530
      1.3516699
     0.69366933
     0.69312705
      1.9944494
     0.37236991
      1.1189007
      1.2397992
      1.1645537
     0.51122761
     0.97773441
     0.75525479
     0.81456754
      1.3059543
      1.6428167
      1.0021761
     0.99824544
      1.4259130
      1.6042407
     0.89580443
      1.2023121
      1.7975480
      1.8989972
     0.16303166
      1.1999619
      1.2454637
      1.8218047
      1.1220579
      1.2589587
      1.8818392
     0.97023481
      2.9047430
      2.3384577
     0.29400339
      1.2171589
     0.92566311
