      1.5295788
      1.3679570
     0.92962690
      1.5591400
     0.52446673
     0.58215146
     0.76307499
      1.2228025
     0.96435365
      1.1873326
     0.60123383
     0.13965892
     0.75028904
     0.61374068
      1.1220946
      1.2533557
      2.4169435
     0.94060825
      1.1708832
      1.1442771
     0.52004281
      1.3507524
      1.3660354
      1.0730146
      1.1569860
     0.65634078
      1.4911075
      1.2988492
     0.70745517
     0.79209059
      1.6664011
      1.1158104
      1.0205295
      1.2761704
     0.98181695
     0.73454815
     0.16263842
      1.5693940
      1.7654345
      1.0866631
     0.43935029
      1.1399428
     0.91768648
     0.60530261
      1.0980769
      1.8332995
     0.31734390
     0.95352226
     0.67440700
      1.5026966
