     0.71814657
      2.1307024
      1.3308065
     0.97777102
      1.3112242
      1.2965270
      1.0845806
      1.1213971
     0.70484002
      2.6382608
      1.2891106
     0.79228513
     0.40000270
      1.2196741
      1.3879039
     0.79257122
      1.3035816
      2.0020354
      2.2696081
     0.47440698
      1.0964307
      1.0293407
      1.0150901
      1.1242969
     0.78420745
      1.0580899
     0.86611061
      1.0316531
     0.64125737
     0.26378430
      1.8414196
     0.41720951
      1.2463239
      1.6254438
     0.79106120
      1.1138792
      1.0308556
     0.68497830
      1.0321958
      1.0191829
     0.49689589
     0.82496480
      1.3938092
     0.76273372
      1.2684444
      1.4857734
      2.1956566
      1.7182575
      2.2616181
     0.64928015
