      1.5737152
      1.0773855
      2.0033454
      1.1772112
      1.4976478
      2.1487775
      1.0244486
      1.0488937
     0.28434403
      2.2641706
      1.5269157
      1.0159283
      1.5112383
      1.0693149
      1.7843615
     0.37553735
     0.85981439
      1.9270047
      1.9182688
     0.60604846
      1.3414201
     0.88523919
      1.3058178
      1.5629563
     0.88993672
     0.94921319
      1.5233499
      1.6899159
      1.0090889
      2.5978688
      1.7760265
     0.58090076
      1.2352821
     0.82132058
     0.74485649
     0.26147368
     0.74345100
      1.2968279
    0.078508294
     0.93518225
      1.1764855
      1.1824783
      1.2045642
     0.81338568
     0.58199184
     0.52861165
      1.0454620
      1.4134389
      2.2309360
      1.9821356
