      1.8110869
     0.96227882
     0.42205053
     0.92762175
      1.2630054
     0.88615209
      2.2550098
     0.99733160
     0.33224805
     0.98459150
     0.91399617
      2.5765770
      1.0707609
      2.0227160
      1.4433186
      1.4705998
      1.1900534
     0.70492486
      1.8250513
      2.4097329
      1.5074743
      1.0116400
      1.3975803
      1.3170934
      1.2808535
      1.2148541
      1.4649679
     0.34855557
     0.90869263
      1.1032819
      1.8381355
     0.82981953
      1.1031753
     0.18251008
      1.0101041
      2.3760474
     0.96739518
     0.62873872
     0.32859730
     0.18055945
      1.2072937
     0.86107016
     0.62272260
     0.74849555
      1.3735046
     0.41952165
      1.9879226
     0.44407476
      1.2717314
     0.76628874
