     0.42006150
     0.71841821
      1.2908081
      1.1013900
     0.60314747
      1.1766974
      1.0431373
      1.3295990
      1.0443575
      1.8552769
     0.81973789
      1.0654289
      1.2476378
     0.68475464
      1.4023114
      1.3159154
      2.1043308
     0.53947200
      1.6916640
      1.1606757
      1.9014387
      1.0297276
     0.65092016
     0.79156440
      1.0880387
      1.2581462
      1.5486716
      1.2368352
      1.5613893
      1.2760187
      1.8460160
     0.82666470
      1.3044451
      1.4115798
     0.81062782
     0.51990243
     0.78657168
      1.5686693
     0.68948772
      2.0713594
      1.4525103
     0.90961628
     0.96401235
     0.80538166
      1.1079398
      1.5841216
     0.83339058
      1.1022961
      1.0181595
      2.0277716
