      1.5970959
      2.1611434
      1.8627008
      1.8532370
      1.4653529
      1.4214817
     0.91189503
      1.6356772
      1.1046557
      1.1741182
      1.5026448
      1.2648579
     0.50628818
      1.3741481
      1.1823304
      2.8345779
      1.6470586
      2.9359979
     0.66065170
      1.8860384
     0.97879970
      1.1041225
     0.92559022
      1.3497784
     0.78391333
      1.0045836
     0.70528766
     0.52165727
      1.2038126
      1.0953867
     0.84655303
     0.95801560
      1.9617500
      1.0994715
     0.61862908
      1.3716047
     0.64780022
      1.6551894
      1.3501127
     0.81814152
      1.5319748
      1.5859662
      1.6988401
      1.6011644
      1.2363386
      1.0747581
      1.1549436
      1.3606590
      2.7448275
      1.2716775
