      1.9196387
      1.4455388
     0.73345580
     0.75907511
      2.8629784
      1.9584610
      1.8440416
      1.4946814
     0.99826366
     0.48242792
      1.3789008
      1.5580107
     0.82187516
     0.72704482
     0.73946221
      1.4670509
      2.3064547
      1.2048869
     0.74194592
     0.76467357
     0.89957444
      2.0238822
     0.89215861
     0.44030868
     0.65855705
      1.3881360
     0.92089491
      1.6989970
      1.0265945
     0.75849271
      1.2104338
      1.0146468
      1.1968854
      2.0617931
     0.72176266
      1.1116312
      1.3448037
      2.4666987
     0.74217338
      1.4538430
     0.76502925
      1.8970287
      1.8744770
      1.5006897
     0.86512589
      1.2296913
     0.30634407
     0.70837379
      1.4984222
     0.91197080
