     0.46634992
     0.98890892
      2.2357104
      1.6451436
     0.96947358
      1.7954208
      1.4482294
      1.1094898
     0.67943174
      1.7373026
      1.2756860
     0.82874622
      1.5082030
     0.84744723
     0.73981760
     0.86675981
     0.63143000
      2.0937008
      1.8763995
      1.3280146
     0.96348936
      2.6634087
      1.0041176
      1.3907443
     0.75874371
     0.55895292
      1.0168870
      1.5296742
      1.5346226
      1.0415548
     0.74317374
      1.0555607
      1.8934646
      1.6992155
     0.62376194
      1.3701964
      1.9263867
      2.1271699
     0.67511865
     0.95083423
      1.3615379
     0.89988437
      1.3237057
      1.0284323
      2.0029178
     0.74534196
     0.85033865
      1.5725898
      1.1527702
     0.75250569
