      1.5200340
      2.1324370
      1.0773289
      1.6228788
     0.75733394
      1.2463569
      2.3836606
     0.77161675
      1.4150350
      1.9518988
      1.0521581
      1.6828872
     0.38352766
     0.71386263
     0.99034988
      1.3448041
      2.3368866
      1.7732855
     0.96318688
     0.72222484
     0.98468034
     0.30227596
      1.8209000
     0.63402509
      1.5916550
     0.99175926
     0.84621791
      1.5910267
      1.8835017
     0.43139110
     0.53418810
      1.2321291
      1.6239447
      1.9168042
      1.5039779
      1.9552228
      1.2009864
     0.27199372
      1.1580900
     0.95138336
     0.70774911
      1.3175295
      1.3007568
     0.88146307
     0.55115133
      1.4206229
     0.44633735
      1.2108004
      1.5298487
     0.52064006
