     0.73514384
      1.5537309
      1.4598735
     0.56952852
      1.0955669
     0.46698130
     0.89252085
     0.66572237
      1.3634022
      1.0288151
      1.0484211
     0.83065494
      1.8338588
     0.79952170
      1.0350760
     0.93131367
      1.1215457
     0.25685720
     0.80933123
      1.0170783
      1.3034857
      1.4162854
      1.4270764
      1.5641187
      1.0022504
     0.96475298
      1.3624834
      1.1148740
      1.2838611
      1.1214266
      1.0415477
      1.4112077
      1.1452019
      2.2743402
      1.3873306
      2.0662503
      1.6330619
      1.5244358
      1.3056001
     0.94639429
     0.77990199
     0.64040517
      1.3017104
      1.7061964
      1.8926251
      1.1517879
      1.1197129
     0.29386015
     0.60272685
      1.4128685
