      2.3088453
     0.59718198
      1.5580608
      2.3586820
      1.3287402
     0.84124348
     0.67111821
     0.57406565
     0.28469466
     0.63046403
     0.59259320
     0.75948046
      1.4674344
      1.8334820
      1.0882206
      1.4811143
      1.9381031
     0.97319368
      1.0950908
      1.1218302
      1.4767673
      1.2535772
      1.0591612
     0.74687249
     0.97769975
     0.78444932
      1.5132810
      1.6020655
     0.98217211
      1.6460728
      1.8738875
     0.52929301
      1.3205712
     0.18099011
      1.1793384
     0.86513560
     0.85850544
      1.3684085
     0.82698942
      1.5894904
     0.99799949
      1.3832302
      2.1858175
      1.7271905
      1.7573415
     0.93947071
     0.73631268
     0.43713591
      1.8225057
      1.5850086
