      1.3349062
     0.62730475
      1.4628769
      2.2668242
     0.72865433
     0.93317273
     0.85009144
      1.4296076
      1.2700227
      1.1076264
     0.35254455
      1.3243391
     0.84384579
      2.1016877
     0.91735594
      1.9434685
     0.70980808
      1.1391654
      1.1320150
      1.2064992
      1.8468416
     0.69252530
      1.1637454
    0.095804089
      2.6285076
     0.50810515
      1.6328522
      1.9842635
      1.2825791
      1.6105495
     0.34742185
      1.1301968
     0.92945392
      1.1522310
      1.6764817
      1.1284044
     0.28865075
      2.1870729
      1.3318941
      1.9626588
      1.4084166
     0.63213073
      1.8047617
      1.9141514
      1.5222847
      1.1656940
     0.70163111
     0.80116316
      1.2665742
      1.9272271
