      1.1423477
      1.7144930
      1.0276865
      1.7168613
      1.0646813
     0.90151692
      1.1484660
     0.80554676
      1.2403269
     0.94874169
     0.61642456
      1.0266891
     0.81026867
      1.3535086
     0.97873050
     0.87873076
      2.9764558
     0.74471385
      1.1859265
      1.5311672
      1.7669183
      1.0965755
      1.6729164
      2.2068927
      1.0148643
      1.4428404
      1.2386207
      1.9136194
     0.74470635
      1.6118814
     0.99348903
     0.91410200
      1.3012892
      1.7239902
     0.61660527
      1.0834871
      1.0855757
      1.1198592
      1.3745705
     0.68520433
     0.19870413
      1.4017756
      1.3351365
      2.6566838
     0.64983861
      1.5182906
     0.48417276
      1.1159034
     0.95923408
     0.57606915
