      1.5485675
      1.3824391
     0.81131809
     0.93128620
     0.95514667
     0.89041089
      1.2485257
      1.1623841
     0.59085117
     0.71190360
     0.27207111
      1.4578315
     0.91165027
      2.4351657
      1.0946712
      1.0293938
     0.73054740
      1.3808686
      1.2296481
      1.4194811
      1.2308269
      1.9444462
      1.7050189
     0.87174426
      1.4549245
      2.0795317
      2.4856500
      1.9854438
      1.4635463
      1.6696074
      1.1360187
      1.1496352
      1.3402417
     0.35863562
     0.67735298
      1.4047466
      1.3126191
      1.3902730
      1.3101787
      1.1251435
      1.4790640
     0.34195268
     0.72503816
     0.97263325
      1.5993455
      1.3828020
      1.4673718
     0.82650692
      1.5479281
      1.2522701
