     0.86181817
      1.2434149
     0.81117282
      2.1478004
      1.1321817
     0.79161826
      2.1395960
     0.85175595
      1.3511122
      1.2225874
     0.73744166
      1.4976975
      1.9145260
      1.3317416
     0.57209520
      1.2516616
     0.39935803
      1.0245101
      1.1739008
      1.2582926
     0.98247233
      1.3119446
     0.85174612
      1.6997541
     0.63788822
      1.6049463
      1.3701612
      1.9685941
      1.2760634
      1.1248327
      1.1596255
     0.56969908
      1.3135141
     0.21960137
     0.53607751
      1.6655734
     0.92071307
      1.9161298
      1.5756157
      2.6010358
     0.83073981
      1.1580264
      1.6937445
      1.5872083
      2.1316297
     0.74391763
     0.87728214
      1.5282302
     0.76860529
     0.78699859
