     0.82924934
     0.57631411
      2.3281098
      1.6967330
     0.76300824
      1.5712131
      1.5433554
     0.77983993
     0.64813803
      1.4332452
     0.79156355
     0.59455051
      2.3422051
      2.1384818
      1.3142523
      1.1335407
     0.58360574
     0.78084840
     0.73686402
      1.1981337
      1.7774017
      1.3216988
      1.1928844
      1.9060724
      1.3091130
      1.4086406
      1.3656469
     0.27634445
      1.5397862
    0.070191968
     0.52044093
     0.62060093
      1.5771789
      1.0954901
      1.0246070
      1.6779552
     0.11658152
      1.3632871
      2.1908465
     0.36314032
     0.60166964
     0.93984118
     0.94063335
      1.2199129
     0.71492491
      1.1691764
      1.1295512
      1.0964130
     0.65610448
     0.91344911
