      1.7720771
     0.88354975
      1.5721116
      1.2645354
      1.1960650
      1.2666065
      2.1780871
     0.72947347
     0.40993193
     0.82300135
      1.3893186
     0.60942280
      2.1309687
     0.66368530
     0.95368993
     0.86800119
      1.4311721
      1.7491321
     0.70731049
      1.6156772
     0.59957438
      1.9511505
     0.89248742
      1.1120823
     0.81042341
     0.56761616
      1.0152331
      1.3852973
      1.5029257
      1.1840666
     0.92376469
      1.8680615
      2.4172357
      1.0659518
      1.3116743
     0.84247828
     0.86053078
      2.4245012
     0.94657868
     0.96214187
     0.37420142
      2.2087725
     0.59661871
      1.4013895
      1.8557967
      1.6369579
     0.78363974
      1.3339285
      1.8112321
      1.0642029
