     0.63666646
      1.4124000
     0.39595166
      1.0530707
     0.28447463
     0.40022534
      1.1132679
      1.2952687
      1.8934853
      1.3912322
     0.83593324
     0.72435516
     0.67681337
      1.5147165
     0.57057870
     0.87306260
      1.5795116
     0.51420139
     0.83536966
     0.92433223
      1.5667175
      1.1727413
      1.0105949
      1.5266679
      1.7786635
     0.96712635
      1.9205122
     0.66304485
      1.1262301
      1.3191485
      1.0190113
     0.86657596
      1.2271298
     0.74402616
      1.3936535
      1.1953911
      2.3434729
      1.9939313
      1.0818920
      1.2139106
     0.62884012
     0.63350694
      1.1922004
     0.34842484
      1.0654542
      1.9063542
      1.2960147
      2.0191683
      1.1314741
      1.5358040
