      1.0117957
      1.6184159
      1.1471937
      1.7857768
     0.84606428
      1.6562197
     0.73237241
     0.99927228
     0.55081817
      1.0014912
      2.2098937
      3.1009842
      1.8297262
      1.7897841
      1.0608290
      1.1747167
      1.2473107
     0.49712933
      1.1879719
      1.4832614
      1.1536839
      1.5997269
      1.5721630
      1.3254287
     0.99745140
      1.5355014
      1.2531943
     0.23774346
      2.0979347
      1.3343924
      1.2567378
     0.58460472
      1.3970493
      1.9154434
      1.5223366
      1.7235305
      1.4521294
     0.87415315
      1.1846466
      1.5607368
     0.54153303
      1.2884897
      1.9120741
      1.2245335
     0.99153714
     0.60708818
      1.0501295
      1.8521762
     0.87522969
      1.1230136
