     0.35784590
     0.85428959
     0.82196155
     0.73005463
     0.49382577
     0.81708935
     0.92154778
      1.5222370
     0.96939240
      1.1130155
     0.93439529
     0.45730766
     0.71531049
     0.64114513
      1.1869990
      2.0338895
      1.2102778
      1.8251321
      1.4042978
      2.1898067
     0.82580981
      1.5395074
      1.3215383
      1.9890638
      1.7221976
      1.4555429
      1.3687068
     0.56829005
      1.1396372
     0.80200045
     0.76378404
      1.0786316
     0.86120910
      1.2598704
      1.7677217
      1.4290341
     0.48176098
      1.0302210
     0.94088711
     0.23890987
     0.88828343
      1.2857114
      1.9535088
      2.0734327
      1.8563137
     0.81404481
      1.6143621
     0.75894367
     0.63027584
      1.2916616
