     0.46624355
      1.2140504
     0.67715578
      2.1118884
      1.0448674
      1.7835550
     0.67814409
      1.2076945
      1.6998254
     0.18288731
     0.93308781
      1.9381039
      1.8645844
      1.4220369
     0.77707096
      1.3912388
     0.93533194
      1.6191040
     0.90633865
     0.42455323
      1.0084790
      2.0231962
      1.1495223
      2.1433762
     0.32387961
      1.6249209
     0.47960211
      1.7655341
      1.0594315
     0.55586491
      1.0167922
     0.96324669
      1.0262611
     0.71759282
      2.6376805
      1.1948973
      1.2479159
     0.92669163
      1.1233197
      1.0131310
     0.57549166
     0.91458848
     0.87004989
      1.2364977
      1.5227264
      1.0952772
    0.054700055
     0.72116496
     0.47697717
      1.1912025
