      1.1961652
      1.4465804
     0.59218659
      1.2796622
      1.0309078
      1.7983322
      1.5680514
      2.8539276
      2.2837931
     0.95289446
      1.1146286
      1.4383209
     0.61962757
     0.90973359
     0.58363755
     0.43903069
     0.87782709
      1.1776982
      1.1725342
      1.0031960
     0.21295093
      1.3571010
      2.1148681
      1.3475981
     0.75400659
      1.5254749
     0.30739738
     0.31801058
      1.3862902
     0.47915841
      1.2768675
     0.48497749
     0.74338140
     0.58990009
      1.7411257
     0.66461231
     0.95226289
     0.66141409
     0.73389889
      1.7285389
      1.6651746
      1.2388709
      1.2732571
     0.64079627
      1.7949394
      1.0402562
      1.2121337
     0.87101560
      1.4363649
      1.1160367
