     0.95784481
     0.66309145
     0.92937910
      1.3161587
     0.68154749
      1.4558118
     0.88061897
     0.89839011
      1.1308861
      1.6582337
     0.55077350
      1.7382043
     0.81141892
     0.76067299
      2.1747680
      1.6273326
     0.94827259
      1.0885602
      1.7972023
      1.8873822
      1.5064661
     0.70492824
      1.5311045
      1.6721498
      1.6058871
     0.44447952
     0.99625354
      1.0258279
     0.59420234
     0.68897174
      1.9896473
      1.2085346
      2.2100813
     0.92938912
     0.57264646
     0.75950176
     0.69988719
      1.3182068
      2.3600789
     0.17709790
     0.54731375
      1.1820995
      1.3370978
      2.5135843
      1.4766554
     0.38124553
      1.2989943
     0.88198919
      1.9286756
      1.1584437
