      1.5236182
      1.6958294
     0.46645949
      1.2556686
      1.2473373
      1.0908321
      1.3763886
     0.55126192
     0.76858664
     0.30205624
      1.0850050
     0.82198364
     0.59147090
      1.9848046
      1.0738233
      1.5080080
      1.1426388
     0.81208446
      2.3585712
      2.4335883
      1.6686148
      2.2498734
      1.0957143
     0.50643136
      1.0117643
      1.8102161
     0.83349140
      1.0164446
     0.84960777
     0.64284910
      1.7861208
      1.3185445
      1.1682446
     0.64421765
      2.1768554
      1.0926223
      1.3131864
      1.5663513
      1.6371351
      1.1642621
     0.79752373
      1.9143273
      1.3599890
      1.1353154
     0.84075286
      1.5106363
     0.56321099
      1.0708492
      1.2685063
      1.2437181
