      1.0841715
     0.70914252
      1.4765131
      1.6312197
     0.85515897
     0.79509122
     0.66852009
      1.6661916
     0.66022062
      1.9118366
      1.0799677
     0.51935273
      1.4334750
      1.2838327
      1.1374516
      1.5917573
      1.2003113
      1.7254052
     0.76296132
     0.80385853
      1.0089022
     0.85957812
     0.98573812
     0.55523549
      1.5033616
      1.1750194
      1.4609462
      1.3694170
     0.33098425
      1.9367713
     0.90011459
      1.0635997
      1.0269052
      1.1797130
     0.74451307
     0.45385216
      1.3544504
     0.70444706
      2.1246596
      1.0071120
      1.3603996
     0.65723215
      1.2363725
      1.1487243
      1.1592226
     0.98778358
     0.47278664
      1.6942132
      1.6296256
     0.84670188
