      1.7262356
     0.48770397
     0.50950795
      1.1364705
      1.4414156
      1.5880106
     0.93188586
      1.7305785
      1.0995763
      1.2613770
     0.97686226
     0.54287625
     0.36120625
     0.80977448
      1.4689881
     0.82921981
      1.9894312
      1.0235408
      1.0544823
      1.6913243
      1.8124820
      1.0116436
      1.3904363
      1.0489522
      1.2167692
      1.5904774
     0.36950592
      1.1371509
      1.0323638
      1.7650363
      2.3746640
      1.1894817
      1.0338929
      1.7638482
      1.2043637
      1.6846324
      1.1704352
      1.1554136
      1.1548541
      2.1176688
      1.1282330
     0.99279130
      1.6982727
      1.0808934
      1.0287001
      1.9950236
      1.6455929
     0.90057209
      2.0562558
      1.4637619
