      1.9119326
      1.1676983
     0.64145402
      1.0533756
      1.5814271
      1.1208518
      1.2512908
     0.96234408
     0.72496076
      1.3418519
      1.0926593
     0.39604555
     0.70098486
      1.0177083
      2.5187258
      1.0379432
      1.7352407
      1.3840744
      1.4361502
     0.99514256
     0.65450487
      1.1497964
     0.43217280
     0.81267502
      2.0852029
      1.1258265
     0.62314953
      2.4456062
      1.2537518
      1.4879343
     0.79419697
      1.9540112
      1.7312951
     0.53712304
     0.18336838
      1.5069024
      1.8848326
     0.63639434
     0.99331824
     0.84493687
     0.84721129
     0.78209772
      1.1487667
      1.0168910
      1.0447420
      1.5568099
      1.1008032
      1.2773995
      1.6580143
      1.2421026
