      1.8182307
      1.5982216
      1.5037793
      1.6523211
      1.3827028
     0.67752554
      1.0850589
      1.3253797
     0.86311582
      1.3983600
      1.7493925
      1.1738955
     0.84776845
     0.63975261
      2.0088125
     0.49608517
     0.36464291
     0.99153077
     0.94080484
      1.3606076
      1.2295984
      1.5382570
      1.5858357
      1.6336807
      1.2044703
      1.0674063
     0.62638361
      1.6273525
      1.8187970
      1.7836615
      1.7217517
      1.5069772
     0.30768454
      1.7068781
      1.1759232
      1.6059364
      1.0768004
      1.4054516
     0.53181552
     0.33460699
      2.2436941
      1.4212138
      1.1176374
      1.6332013
      2.4594377
      1.1050695
     0.10199296
     0.98411066
      1.8958582
      1.0111649
