      2.5030558
      1.0670840
     0.51583691
      1.1556451
     0.71469971
      1.0162713
      1.4340897
      1.2056688
     0.44807702
     0.96649989
      1.1927017
      1.6788314
      1.4914401
     0.86092586
      1.4514965
     0.81054077
     0.40406555
      1.6575374
     0.66094558
     0.31981127
      2.1840300
      1.1003565
      1.5679677
     0.77774198
     0.64951524
     0.95400084
     0.73016897
      1.5889111
      1.2434467
      1.9866218
      1.7386345
     0.80332007
     0.96047461
     0.44410175
     0.94926778
      2.4640580
     0.77196471
     0.70255109
     0.60190946
      1.4867396
      1.9044795
     0.85994411
      1.0494032
     0.59502577
      1.3655344
      1.7816030
      2.1192484
      1.2677370
     0.77500210
      1.3708739
