     0.34715434
      1.6185338
     0.42355832
      1.7683103
      1.8608357
      1.7036785
     0.60852681
      2.1023010
      2.1385977
      1.2265473
     0.95732911
      1.9399909
      1.6939064
      1.9783076
      1.3428697
      2.1676327
      1.7255323
      1.2873257
      1.2870657
      1.1341437
     0.82046187
      1.2680323
     0.87236600
     0.92279109
      1.3097215
     0.48771712
     0.98339011
      1.9263538
      1.2609701
     0.90482069
     0.79099983
      1.7445364
     0.81509580
      1.6464139
      2.0559400
      1.3548403
      1.4092295
      1.8177494
     0.61695309
     0.61638450
      1.3689376
     0.96952235
      1.2621266
      2.2171282
      1.8592724
      1.9718541
      1.3016121
      1.8111128
      1.2596993
      1.2841818
