      1.4711498
      1.1966002
     0.86492873
      1.3771665
      1.2910394
     0.68321439
      1.6973778
     0.81071152
      1.0314832
      1.6023836
      1.9609937
      1.5472120
      2.1589353
      1.1605337
      1.4347794
      2.0345253
      1.4603411
      1.4323703
      1.0205471
      1.9939332
      1.1500301
      1.4770806
      1.2397581
      1.0450929
      1.1100249
      1.1181185
     0.33044078
     0.79384304
     0.38571870
      1.8578066
      1.6242094
      1.1447043
      1.4286400
      1.2822274
      2.4898703
      1.6119449
      1.9748430
      1.6508974
      1.2933570
      1.2040505
      1.3535614
      1.2550757
      1.8398323
      2.4022674
      1.3252681
      2.5787994
      1.8062185
      1.5917784
      2.7109151
     0.58310532
