      2.1206675
      1.1308172
     0.36919529
      1.1580827
     0.56911528
      1.4951572
     0.63987286
      1.2653269
      1.1789129
      1.4564510
      1.6576750
     0.54323541
      1.3212710
      1.2989925
     0.57668608
     0.77108685
     0.73135296
      1.4858174
     0.79133482
     0.23933523
     0.74818359
      1.9085238
     0.55696452
      2.0597694
      1.0968151
     0.77969605
     0.79140402
      1.0055889
      1.5698329
     0.66051154
     0.67139307
      1.1145992
      1.6970894
     0.94678701
      1.0737925
     0.82227289
      1.1484525
     0.75436239
      1.7597487
      1.9091232
     0.98043118
      1.2434974
      1.5078130
      1.2971295
      1.5913969
      1.7213118
      1.5747687
     0.94316727
      1.2646095
      1.3731685
