      1.4967203
      1.8554555
      1.1294372
      1.0451121
     0.58079397
     0.51742819
     0.63479478
      1.8509476
     0.90521501
      1.2646749
      1.3558164
      1.1172837
      1.2134231
      1.4255559
      1.1302361
     0.63573461
      1.7783799
      1.2483842
     0.81930731
     0.69048266
      1.1313525
      1.3183035
      1.2026191
      1.1522923
      1.1553267
      1.6911815
     0.65429693
      1.4936814
      1.7478661
      1.1177426
      2.0586590
     0.42728381
      1.0265335
      1.6153685
      1.8270948
      1.4392085
      1.8439319
     0.84566179
     0.95263374
     0.92513421
     0.95957437
      1.1739383
      1.0872130
     0.32338353
      2.0672137
      1.9608584
     0.84379458
      1.2760695
      2.0697940
      1.2198141
