      2.0799158
      1.0561649
      1.3147540
     0.44134552
     0.72425215
      1.4033142
      1.0765750
      1.8875890
     0.60677553
      1.2376712
      1.6833985
     0.58269430
      1.0741767
      1.9887790
     0.74592388
      1.4820239
      1.2019427
     0.70167565
     0.98870222
      1.1473565
     0.82295958
      1.3504242
     0.91967752
     0.64060970
      1.1363840
      1.4041526
      1.1197824
     0.98406169
      1.9199239
     0.85126272
     0.73284737
     0.90854847
      2.4292239
      1.1954674
      1.9159196
     0.75907547
     0.99596377
      1.9761943
      1.0308212
      1.0153593
     0.20750261
     0.72138218
      1.3967994
      1.7945673
      1.4032204
      1.5716694
     0.92358657
      1.4115799
     0.94772929
      2.2294497
