      2.2658196
      1.3595913
      1.6801053
      1.0509279
      1.6649586
     0.80140533
      1.2852623
      1.9657232
     0.92736235
      1.3325013
      1.2887478
      1.7228104
      1.3562678
     0.85546312
      2.3014378
      1.3335279
      1.9633209
     0.99639159
      1.0176188
      1.0939342
     0.84540485
      1.0767667
      1.4791346
      1.1432086
     0.40165140
     0.36006058
      1.4588031
     0.71572702
     0.83141111
      1.6770852
      1.2558875
      1.4903025
      1.8269439
      1.5243202
     0.87905409
     0.56167848
      1.6085158
      1.6948596
      1.9357221
      1.2656304
     0.52861245
      1.3641748
     0.79838617
     0.40338034
     0.80156835
      1.3523660
     0.53221504
     0.71235499
     0.96802073
      1.4910813
