     0.55224101
      1.7300975
      1.5817346
     0.94626878
      1.6349496
     0.77675749
     0.85926077
      1.4112884
      1.7402901
      1.7638531
     0.74990869
     0.60833412
      1.8623865
      1.0781378
     0.11852626
     0.83871637
     0.87477130
     0.93605149
     0.49973715
      1.1701903
      1.3709101
     0.86873664
     0.74755570
      1.1571438
      2.8323820
      1.9944084
     0.25131780
      1.2590945
      1.6058492
      2.2476635
      1.3970360
     0.69313093
     0.41561175
     0.55171097
      1.3654893
      1.3248878
      1.5405969
      2.0601093
     0.98034001
      1.4198234
      1.2193931
      2.1296470
      1.1463832
      2.6856868
      2.1344509
      1.1207058
      1.2501181
      1.4560760
      1.3303980
      1.1286847
