      1.6482851
     0.79682690
      1.3370270
      1.7872188
      2.6922233
     0.38446599
      1.5379415
     0.97659202
     0.51259987
     0.86107035
     0.78758877
      1.4666511
      1.0220862
      1.1929647
      1.3115599
     0.64637609
     0.96416325
     0.91151762
      1.0901116
      1.4533343
     0.86881568
      1.1306307
      1.6556691
      2.0538680
      1.8360362
      1.1722615
     0.63073117
     0.83162019
     0.78798659
     0.46570201
      1.8220834
      1.6232971
      2.0831448
      1.3981781
      1.6797976
      1.9271651
     0.60112487
     0.96661078
      2.3275421
     0.40034184
     0.69732070
      1.8258395
     0.96017306
     0.99541401
      1.9262331
      1.9683490
      1.6784887
      1.4068517
      1.7581059
      1.4504516
