      1.4067806
      1.3185974
     0.50299160
      1.0950563
      1.6864308
      1.3791597
     0.92027341
     0.46397250
     0.73786695
      1.2170714
      1.2303325
      1.2137274
      1.7947965
      1.2405194
      1.1425720
     0.89908692
      2.0718844
     0.33244033
      1.2762547
     0.83326968
     0.64923274
      1.2888761
     0.73655225
      1.0044833
      1.1019114
     0.85280780
     0.26962807
      1.6193997
     0.66132045
     0.84689987
      1.9655593
      1.6425219
     0.28403286
      1.9541782
     0.36657879
      1.7286301
      1.1134831
      1.8518793
      1.4556007
     0.54880346
      1.3343554
      1.9335562
      1.2752774
      1.0423551
      1.6004867
      1.2361567
      1.0595732
      1.8748457
     0.98329175
      1.5545895
