     0.27407323
      2.3870962
      2.0813426
     0.93315220
      1.7335882
     0.58674813
     0.80130271
      1.3166692
      1.8317866
      1.2984147
     0.39931761
      1.1708387
      2.1599969
      1.5104606
      1.1043160
      1.0166150
      1.5311734
     0.48783107
      1.4110111
     0.85577546
      1.3114179
      1.3010723
      1.4453024
      1.9343555
      1.3496527
     0.42148016
      1.4932589
      1.4711898
     0.94885102
      1.6849936
     0.62076657
      1.2871856
     0.57460935
      1.5632191
      1.3308954
      1.0839851
     0.79029501
     0.76612382
      1.2699713
      1.5222456
      1.6309460
      1.0296840
      1.0613812
      1.8919960
      1.1915168
      3.1186984
      1.2002932
      1.0420261
      2.0405748
      1.0832474
