      1.5069538
     0.82604268
      1.3901919
      1.0811886
      1.2994431
     0.85073128
      1.2620809
     0.66796785
     0.79066262
     0.63830826
      1.7193786
     0.84534191
     0.89745752
     0.69317210
     0.75572577
     0.73607643
      1.2470991
      1.2022150
      1.0529797
      1.1014234
     0.87953142
      1.7384988
     0.91959657
     0.63885145
      1.8264954
      1.1779415
      1.2864246
      2.0030646
     0.92750006
     0.86736775
     0.93571960
     0.89494011
      1.1343494
      1.1633820
     0.47461709
      1.4312704
      1.5127752
     0.61944938
     0.97855167
     0.54132343
     0.76880935
     0.72555703
      1.8946922
      1.0881736
     0.76594818
      1.4340923
     0.77775922
     0.76305515
     0.70344961
      1.3039889
