      1.3959877
      1.1729616
      2.2188794
     0.28491692
     0.85593567
      1.4292662
      2.4382955
      1.6765728
      2.3392020
      1.0489031
     0.99616639
      1.4492835
      1.2950374
     0.70796765
     0.60100491
      1.7671652
      1.0569730
      1.2349388
      2.5177795
     0.50919185
     0.67392699
     0.49312552
      1.2289415
      2.1085177
     0.81715810
      1.3883228
      1.7085460
      1.1752009
     0.46746972
      1.3149540
      1.3659578
     0.90495033
      1.0440660
      2.9176583
      1.3006568
      1.4569448
      1.5538486
     0.54314340
     0.87634400
      1.6086797
     0.37620417
      1.3862761
     0.98501779
     0.77484375
     0.89852431
      1.3151331
      1.3645722
     0.66519895
      1.1282179
      1.0606428
