     0.88110617
     0.87058634
      1.3311786
      1.2363880
      1.0234405
      1.3475112
     0.60051529
      1.4483047
      1.1318598
     0.59333997
     0.93695401
      1.0584565
     0.82358533
      1.0792904
      1.4146466
     0.88544397
     0.90860456
     0.38591234
      1.5244141
     0.52879057
     0.85874878
      1.4891632
      1.0139707
      1.8159303
      1.8693043
     0.44781531
      2.2156673
      1.9268851
      1.0571756
     0.54146619
      1.5678073
      1.1373723
     0.46761651
     0.73593450
      1.1321460
      1.0402579
      1.1863336
     0.91847313
     0.78500955
      1.9470274
      1.0820275
     0.13906002
      1.2296414
      1.1294822
     0.98129698
      1.2235047
     0.84798662
     0.30279752
      1.7560252
     0.64422462
