     0.62500826
     0.72639983
     0.91665283
      1.9046949
     0.18411448
      1.5681915
      1.8844963
      2.2403683
     0.89492716
      1.3009411
      1.0402534
     0.75928390
     0.49581242
      1.0293790
      1.4525225
      1.6971244
     0.54858487
      1.3137234
      1.2757750
      1.7563831
      1.3488583
     0.71587704
      1.4449439
      1.3517805
      1.7429440
     0.91987889
     0.65431594
     0.63212198
      1.7387682
      1.0490628
      1.4453666
     0.50469248
      1.2032459
      1.1094716
      2.1935715
     0.95509399
      1.2806228
      1.2160415
     0.91834519
     0.90347155
     0.94045693
      1.5614190
     0.49875162
     0.99699075
      1.1990709
      1.3971369
     0.42011365
      1.3416482
     0.90017341
      1.0648162
