      2.0960816
      1.7487952
     0.46486680
      1.9568239
      2.6495532
      1.3885021
     0.89117513
      1.5383062
     0.87958982
      1.6721444
     0.69120749
      1.4104073
     0.60818254
      2.3722626
     0.85679400
     0.59608844
     0.89362427
      1.5253167
      1.8155695
     0.84113738
      1.5798788
      1.1715860
     0.61136698
     0.94468910
      1.0556931
      1.2188342
     0.62496168
     0.90086845
      1.3427749
      1.5245734
      1.9400686
     0.54116738
      1.2746125
      1.2770672
      1.2232633
      1.1743129
      1.0132630
     0.98473617
      1.3162366
     0.78928795
     0.83636955
      1.1329383
      1.2984658
      1.6246250
      1.0255933
     0.90701605
     0.98199274
      1.9957918
      1.0698429
      1.3300616
