      1.8714258
      1.0098996
     0.84577856
      1.0091408
     0.75290271
      1.4770472
      2.0975596
     0.82357827
     0.99783867
     0.42680456
     0.95258440
     0.60057061
     0.68943063
     0.37300764
     0.91424401
     0.77857773
     0.83934989
      2.1814840
     0.79498773
     0.99597721
      1.1846140
     0.55368078
     0.41059268
      1.5610194
      1.1953730
      1.7144378
     0.50138963
      1.7757429
      1.3970548
      1.5796712
      1.0112256
    0.090120258
     0.78817259
     0.43077279
      2.0113982
     0.46580538
     0.76211723
     0.62994216
     0.59424343
     0.48362032
      1.5452875
      1.1907653
      1.4532898
      1.6456417
      1.1630796
     0.27302553
     0.67871685
     0.76484732
      1.8454520
      1.9459017
