     0.46937918
      1.4588577
      1.0193023
     0.79031425
      1.0599097
     0.98516263
     0.67590112
      1.4684115
      1.1399443
     0.81022223
     0.20569237
      1.3164565
      1.6259445
     0.73003907
     0.60614694
     0.39751768
     0.96292394
      2.2066433
     0.77629718
      1.0817677
     0.61616012
     0.81156840
      1.5397036
     0.96561494
      1.5119224
     0.60066833
      1.1504319
     0.93270173
      1.6578453
     0.53794120
      1.7455393
     0.52979869
      1.0346430
      1.3787561
      1.3140965
      1.6973004
      2.2258372
     0.73670615
      1.4024581
      1.8609017
     0.91682113
      1.6113705
     0.48913696
     0.94665275
      1.6325352
     0.95336816
     0.68497891
      1.5582622
      1.2892582
      1.4575006
