     0.43243940
      1.5128943
      2.2537250
      1.3845387
      1.1149506
      1.8064046
      1.9725253
      1.3922384
      1.8233425
      1.1333876
      1.3270075
      1.0123089
      1.0605142
     0.65858553
     0.92853529
      1.1520834
      1.4431249
     0.99479250
      1.0377690
      2.1076706
     0.67754068
     0.33757822
      1.8520344
     0.61989821
      1.2693042
      1.4712441
      1.6789498
     0.81664419
      1.3296969
      1.0086712
     0.38215404
     0.70307572
      1.4745064
      1.7839305
      1.9463076
      1.6280579
      1.2203993
     0.66262563
     0.85384779
     0.69689405
      1.3134871
      1.5628233
     0.77600420
     0.49646995
      1.3871436
      1.6836549
      1.3763934
      1.4151444
      1.5474588
      1.1596338
