      1.7489497
      1.3312199
     0.78367023
     0.84664090
      1.0404688
      1.5190157
      1.4386404
     0.68377371
      1.6789807
      1.8891306
     0.32233434
     0.89732476
      1.5191980
     0.89928542
      1.3308378
      1.2269547
      1.4100164
      1.0901329
     0.91451455
      2.0299283
      1.3739106
      1.5431847
     0.49388081
     0.72879167
      2.0104288
      1.4028374
     0.19100818
      1.0664499
      1.0359655
      1.4250482
      1.1818283
      1.3400282
     0.96674851
      1.5015498
      1.9157798
      1.2457141
      1.2547699
      1.1898511
      1.6801674
      1.5493339
      1.3465185
     0.93231101
      1.7840688
      1.4742781
      1.5556178
      1.2396253
      1.1078804
     0.94675096
      1.1002276
      1.6831751
