      1.8967885
      1.2466062
      1.0808447
     0.68201041
      1.2439556
      1.1441083
     0.97313237
      1.2101316
      1.5908778
     0.72385287
      1.2008631
     0.96066308
     0.92613432
      1.0878052
      1.2820365
      1.2220172
      1.4070926
      1.3437371
      1.7808578
     0.49187335
      1.0936337
     0.88530951
     0.29915077
      1.5426163
      2.9612254
      1.6403475
      1.0150953
      1.6206714
      1.6367870
      2.0407758
     0.76094216
      1.3487284
      1.4889435
     0.97855428
      1.2869966
      2.0703130
      2.5085790
      1.3848931
      1.1201809
     0.70740694
      1.6310923
     0.77538850
      1.5405369
     0.96980321
      1.4512609
     0.82606204
      1.0030797
      1.4677772
     0.87137416
      1.8449953
