     0.83938323
     0.78506451
     0.86513019
      1.8483620
      1.5351835
      1.5668792
      1.0310702
     0.55848468
      1.1441173
      1.6382216
     0.73968627
      1.4181888
      1.4187273
      1.2286080
      1.7428508
      1.5692615
     0.97587830
      1.7198292
     0.75680008
     0.96443821
      2.1521071
      1.7543451
     0.61543586
      1.7720172
     0.67134823
      1.9252654
     0.52013102
      1.3936814
      2.3440147
      1.1851457
      1.5389342
      1.3782787
      1.4029473
     0.70566679
      1.1071590
      1.0385972
     0.30722694
     0.16963189
      1.4875591
      2.0790699
      1.5733492
      1.1719924
      2.2803762
      2.2821153
     0.68595500
      2.1869031
      1.0798139
     0.94649435
      1.1009363
     0.63220892
