     0.61018943
      1.2744383
      2.0054865
      1.4828768
      1.8077737
      1.9845698
     0.35011311
      1.8041404
      1.5767205
      2.4136652
     0.61013535
      1.2333193
      1.7529938
      1.2500432
     0.98950220
      2.6436387
     0.40213341
     0.72101074
     0.48459574
      1.7753541
      1.0042832
     0.52417040
      1.3557648
      1.3460090
      1.3427198
     0.59571666
      1.4743853
     0.64100327
      1.1852648
      1.7198001
      1.4163914
      1.5527534
      1.3623785
      1.3356504
     0.93026466
      1.4809876
      1.8478704
     0.18747399
      3.1524463
      1.3541583
      1.0181333
     0.97631943
     0.68939878
      2.2366685
     0.91019444
      1.3905204
      1.0088036
      1.1998750
     0.68086998
      1.3355855
