     0.41492545
     0.96912182
     0.63945270
      1.4748895
      1.1415721
     0.98520557
      1.5585074
      1.4878436
      1.1018739
      1.1234194
      1.1401110
      1.0124360
      1.5584501
      2.2958878
     0.92154989
     0.74519003
      2.3958794
      1.3346136
     0.62031015
      1.2613284
      1.3101558
      1.4884736
      1.0455460
     0.72797216
     0.48081398
      1.7663933
     0.99974738
      1.2174260
     0.54105050
     0.28464047
     0.87278368
      2.2072296
      1.6057665
      1.6171348
      1.2957151
      1.4915497
      1.8187868
      1.4618503
      1.0859692
      1.9165651
      1.3500472
      1.5735624
     0.52253146
     0.66558002
      1.1613490
      1.1788526
      2.6555394
     0.48454300
      1.2453561
      2.2506039
