     0.43324419
      1.5137673
     0.92417300
      1.3771452
      1.2422257
     0.92723526
      1.5416305
      1.0819268
      1.0539533
     0.85088489
      1.0319093
      1.1016345
      1.2357206
     0.58616023
     0.99404883
      1.1417376
      1.7977565
      1.0499883
      1.9674261
      1.6400863
      1.5736805
     0.29792800
      1.3308361
      1.0431024
     0.41231392
      1.3175045
     0.85657655
      1.3286143
     0.64589116
      1.1751384
      1.1945289
      1.5301834
     0.93313542
      1.5429577
     0.74709778
     0.58322848
      1.2183905
      1.8735262
      1.3795171
      1.1434324
      1.3833094
     0.24644332
     0.90266795
      1.2802671
      1.0761596
      1.7119432
      1.5291082
     0.67394402
     0.88694698
     0.82636437
