     0.70672583
     0.98079655
      1.1869102
      1.2365367
     0.44091220
      1.9284435
      1.3132626
      1.7589611
      1.8147202
      1.3984569
     0.84459274
      1.2413841
      2.0027449
     0.84101659
      1.4574786
     0.89753168
     0.90646177
     0.65747401
      2.2427716
      2.2525237
     0.61735069
     0.55107278
     0.98749662
      1.7874772
      1.1623743
      1.6282549
      1.0690566
      2.4154183
     0.72501341
      1.0347343
     0.84448286
     0.78471686
      1.6919767
      1.2391783
     0.91641297
     0.91662247
      2.6040460
      1.4111313
      1.2376851
      1.1889029
      1.6572094
     0.92656838
     0.96089144
      1.0502791
      1.8496175
      1.0994996
      1.1951424
      1.9132504
     0.50660985
      1.0306477
