      1.3658104
      1.0520605
      1.4114071
     0.80736559
     0.50261983
      2.1936751
      1.7004903
     0.81615958
     0.89910732
      1.3147676
     0.89397945
      1.3809910
      1.2154973
     0.53529768
      1.2296048
     0.70841432
      2.0451177
      2.6546591
      1.3260491
     0.97641228
      1.1569483
     0.76966431
     0.68408151
      1.4638769
     0.98866482
      1.3403732
     0.88923308
     0.73047636
      1.0843520
     0.68114018
      1.4721765
     0.66918259
     0.94870108
     0.84643923
     0.98259539
     0.89385802
      1.3959966
      1.8337827
      1.9462769
      1.5564070
      1.0352181
      1.3528661
      1.3235905
      1.0599603
      1.3432746
     0.85278496
      1.0285954
     0.82325470
      1.0642461
      1.4496423
