      1.4255991
      1.6520659
     0.87885958
      1.0023664
      1.4287187
      1.0091189
     0.59390519
     0.95567724
     0.67894050
     0.85403982
     0.91679902
      2.0903372
      1.0601854
     0.56525163
      1.4942715
      1.4868463
      1.0074948
      1.0760429
     0.95269890
      1.2145252
      3.1393357
     0.35382373
     0.71243865
      2.0666153
      1.4442152
      1.0353687
     0.55629941
      1.1319026
     0.66326093
     0.78252626
      1.3892256
     0.37623713
      1.0056302
      1.2039529
      1.2362291
      2.1952859
     0.74601500
      1.3551091
      1.5393675
      1.4567390
     0.96360625
     0.49564236
      1.2785593
      2.2130243
     0.88109220
      2.2807778
      1.1761463
      1.2172208
     0.86884864
      1.0659767
