      2.6059665
      1.1001975
     0.98606385
     0.44272657
     0.63477503
      1.3895401
      1.7041093
      2.5428575
      1.4178308
      1.4378732
     0.53505889
      1.1016638
      1.6030270
     0.51790244
     0.89310235
      1.4020922
      1.4228567
     0.40762415
      1.6476072
      1.1852701
     0.44562097
      1.7529211
      2.1470930
     0.53017613
     0.10954837
      1.3774089
      1.5249145
      1.0098622
     0.87375382
      1.5445104
      1.8785097
      1.5184928
      1.8577477
      1.3494834
      1.3213104
      1.8115642
     0.86209482
     0.99119295
      1.0537453
     0.82308379
      1.0367024
      1.2314619
     0.91476563
      1.3809725
     0.81034694
      2.7297496
      1.3044060
      1.2508793
      1.4065916
      1.5524874
