     0.94850387
      1.1107566
      1.3241142
      1.2282119
      1.5818120
      1.3370555
     0.56555142
      1.9342759
     0.14000465
      1.0355573
      1.8111262
     0.57177972
      2.2685455
     0.96595097
      1.8317855
      1.8440855
     0.28000392
     0.95831832
      1.5633865
     0.55803863
      1.1035494
      1.6338631
     0.97760296
     0.75604512
     0.94695637
     0.60826925
     0.72642191
      1.7936637
     0.74608656
      1.0815595
      1.3035062
     0.81607064
      1.4442059
     0.67603973
      1.3033499
     0.76023561
     0.88824441
      1.1481258
     0.45946518
      1.4318059
      1.2506963
      1.1051526
     0.75893626
     0.97043632
     0.55677884
      1.4848208
      1.3250574
      1.7893178
      1.0835502
     0.99166390
