     0.80556334
      1.1543172
     0.28175926
     0.57143986
     0.87649712
      1.7323169
     0.69432695
     0.69719180
      1.2694057
      1.1041093
      1.4863919
     0.89466845
      1.6243095
      1.9520950
      1.9664643
      1.7997874
      1.6587515
      1.4919303
     0.50049938
      1.0009694
      1.3881322
     0.79000382
      1.0503048
     0.81207045
      1.7549326
      1.0492819
     0.70511637
     0.24355668
     0.97070688
     0.66882693
     0.96869064
      1.3991582
      1.6289969
     0.69994612
      1.0225653
      1.6395623
      1.8138526
      1.6440056
     0.82026635
     0.74440347
      1.1769185
     0.77933245
      2.2439780
     0.55163817
      1.4896592
     0.46172607
      1.4991347
     0.98267018
     0.72566594
      1.1359049
