     0.56776184
     0.45162168
      1.1214778
     0.84617418
     0.74721414
      2.2239688
     0.55044662
      2.2112258
      2.6113396
      1.3332436
      1.4591180
     0.56038117
      1.0364512
      1.1200245
     0.16132778
      1.2767817
     0.89611298
      2.8267035
     0.45227739
      1.0507256
      1.5749358
     0.39786900
      1.4757834
      1.6020243
     0.82216702
      1.7633953
     0.49526487
      1.8806689
      1.7283083
      1.0539516
     0.98532759
     0.89872843
      1.5337096
      1.3009806
      1.4059802
      1.7413009
     0.83085870
     0.94345793
     0.76558952
      1.3651532
      1.8424353
      1.5356220
      1.3322135
      1.4646022
      2.1057334
      1.4136128
     0.26026347
      1.1128113
      1.1290869
     0.83972838
