      2.1870654
      1.1447695
      1.8467491
      1.1462483
      2.0358921
      2.2279392
     0.67121230
      1.2417393
      2.4097178
      1.7015625
      1.4527607
     0.95679753
     0.53195199
      1.2194709
      1.0490421
     0.80592177
      1.2676733
      1.2600777
      2.5425047
      1.5027601
     0.88726642
     0.56615320
      1.9708536
     0.78981943
      1.1935200
     0.94795691
      1.8789504
     0.81252711
      1.1076135
      2.1402926
      1.0667448
     0.66024506
      1.0689833
      1.3673324
      1.3209908
      1.8986939
      1.7150001
      1.2299786
     0.67026732
     0.45738394
      2.1567302
      1.1848339
      1.5414594
      1.2946304
     0.94661251
      1.2698467
      1.7738374
     0.50823871
     0.85659982
     0.46016353
