      1.6380810
      1.2075717
      1.1091610
      2.1317133
     0.49233687
     0.80842391
     0.77834168
      2.9311887
      1.3341929
      1.6147306
      1.1359611
     0.94345172
      1.0580910
     0.92150859
     0.42124165
      1.1145747
      1.2030800
     0.69082240
      1.7450052
      1.3902809
      1.0893036
     0.86826723
      2.2686924
      1.1915251
      1.0276100
     0.46664345
      1.1013170
      1.5836578
     0.74186512
     0.61325233
     0.62571296
      1.1631342
     0.52798012
      1.5472718
     0.57968198
      1.8961672
     0.39082213
      1.1145589
      1.2945442
     0.98725298
      1.2098181
      2.0436198
      1.4796292
      1.0628390
      1.2625116
      2.0788886
     0.93525213
      1.0647164
     0.38138671
     0.97129348
