     0.59065219
      1.1699070
      1.1871482
      1.9059074
      1.0701844
      1.4034586
      2.6467994
     0.51535320
     0.56473430
      1.4949452
      1.0539181
      1.5944641
      1.2609527
      1.1590160
      2.2858739
      1.2389336
      1.6534247
      1.5210993
      1.2789633
     0.74783823
     0.61466241
      1.0122195
      2.0736529
      1.8041580
     0.48468925
     0.67312226
      1.2814887
      1.3017589
      1.5693328
      2.2408658
      1.0433596
      1.3545672
     0.98926245
      1.4309194
      1.4320805
     0.73121524
     0.33434245
     0.85452176
     0.92814329
      1.7787859
      1.6541009
      1.0749304
     0.91086071
      1.3913202
      1.1241246
      1.6197255
     0.40212991
      1.4508436
     0.42091323
     0.63940137
