      1.2435974
      1.0813465
      1.0148489
     0.72664958
      1.3724975
     0.85683373
      1.2349400
      2.3185630
      1.6225943
      1.4634112
     0.90150674
      1.0213308
      1.6259968
      2.2834311
     0.92338983
      1.2676066
     0.97686210
     0.37896208
      1.6660857
     0.79231301
     0.80693444
      1.1546227
      1.1287717
      1.2909640
      1.2910043
     0.47119870
     0.96276386
      1.4260340
     0.46851905
      2.3849200
     0.91231823
      1.4269757
     0.94253806
     0.62628118
      1.2827136
      1.9305515
     0.60367719
      1.2571325
     0.50781829
     0.67958261
      1.5699182
      1.5816819
      1.2319853
     0.85600408
      1.5535266
     0.72634654
     0.61733252
      1.8907197
      1.4701924
      2.5875800
