     0.94611919
      1.3195919
      2.2076619
     0.83890599
     0.63580941
      1.5024402
      1.9383137
      1.9202826
     0.46304929
      1.7629674
      1.3414979
     0.66743067
     0.96514902
     0.68907674
     0.86565863
      1.3989610
      1.3127643
      1.0413475
      1.1608435
      1.6440505
      2.2625952
      1.7745038
      1.3915482
      1.5743591
      1.5706398
      1.1182593
      1.7143308
     0.88285795
     0.51793187
     0.51669138
     0.66911477
      1.4151280
     0.60949397
      1.1858519
     0.76138778
      1.2896839
      1.3468584
      1.6527662
      2.0548422
      1.0367443
      1.2058750
     0.49714307
      1.3842323
      1.2058503
      1.9114134
      2.3128544
      1.3431936
     0.35618904
      2.4469143
      1.4431425
