      1.8831273
      1.1756610
      1.9330318
     0.98559671
      1.3965236
      1.1329961
      1.5871189
     0.65417090
      1.3516636
      2.2939009
      2.2965555
      1.7703023
     0.31990009
      2.8871108
      1.1372146
      1.3120306
     0.99106775
      1.9693527
     0.52302467
     0.80835515
     0.32500552
      1.2278024
      2.0413642
      1.7070739
      1.6885579
     0.92314506
      1.6246906
     0.53810522
     0.43331984
     0.38528687
      1.7650116
      1.4776388
      1.1392018
      1.0214140
      1.6870639
     0.81187390
     0.73246495
     0.68090972
     0.26573908
      1.9100067
      1.1017544
     0.48910986
     0.69175208
     0.95554152
     0.85352150
      1.3400077
      1.7738813
      1.4913649
      1.2347602
     0.78866869
