     0.83477931
      1.0349693
      1.4076745
      1.3367027
      1.6006366
     0.67549528
      1.3966258
      1.9479887
      2.3082258
      2.1058475
      1.0326932
     0.50865534
      1.0635317
     0.85264899
      1.8217902
     0.33860300
      1.3188064
      1.9881465
     0.64943100
      1.1047142
     0.84529059
      1.8833355
      1.3672797
      1.7296900
     0.58973459
      1.8136693
     0.48896260
      1.4164097
     0.67966874
      1.1309512
      2.1060672
      1.4001934
     0.71717983
     0.47164020
      1.3665615
     0.39192174
     0.95587208
      1.9624790
     0.66521003
     0.74242254
      1.1578099
     0.95630088
      1.2798519
      1.2081260
      2.1777239
     0.91000474
      1.8869783
     0.43471346
      1.3523476
      1.3354641
