     0.94094578
      1.7736450
     0.96146568
     0.74156910
      1.0024530
     0.71833277
      2.3950815
      1.3914198
      1.2561090
     0.57805263
      1.4757126
      1.0279986
     0.77232894
      1.5456887
     0.53186687
     0.67267125
      2.1114435
      1.1020096
      1.2468857
     0.32916627
      1.0270640
      1.4686560
      1.3575574
     0.69176215
      2.1796293
      1.0764986
     0.87869215
      1.7878858
     0.36123011
     0.23694629
      1.5065704
      1.9796207
     0.61391517
      1.0478312
     0.25931896
     0.65199494
      1.1202120
      1.0158319
      1.2720158
     0.56732695
     0.23695844
      1.2521953
      1.0617771
      1.0691160
      1.4839440
     0.84419988
      1.3554715
      1.4746905
      1.6719376
     0.52133432
