     0.93521325
      1.3354610
      1.1579869
     0.55115402
      1.9671618
      1.4207777
     0.88135687
      1.4042601
     0.61215883
     0.89629511
     0.46804891
     0.89710314
     0.96079251
      1.9802732
     0.57551159
      1.0808884
     0.94968317
     0.83918342
      1.5597896
      1.3888336
      1.7872666
      2.3016971
      1.5905719
     0.87051503
      1.5116651
      1.5856168
      1.0786220
      2.0530890
      1.2216322
      1.5032855
     0.74286969
      1.3607553
      1.6701380
     0.96256068
     0.74264250
     0.72131677
      1.3861007
     0.80615349
     0.73440232
     0.68383687
     0.72730336
      1.4790932
      1.6162795
      1.0830307
      1.0932623
      2.6962533
      1.0779721
     0.69496102
      2.9276561
      1.3273910
