     0.62451202
      1.1862244
      1.5743447
     0.85996642
      1.0464209
      1.5054251
      1.9126866
     0.98915182
      1.1168086
     0.37946052
      1.3420883
      1.8180515
     0.82366504
      1.5337199
     0.84767644
     0.52785182
     0.38836514
      1.0002180
      1.5025926
      1.7734947
      2.0482445
      1.4520603
      1.1185232
     0.79464084
      1.3316605
      1.2110009
     0.70113724
      1.1222569
     0.54957249
      1.9345376
     0.57322545
     0.69806110
     0.79085180
      1.4832245
     0.65333320
      1.0556540
     0.92321226
     0.88359697
      1.5631243
      2.2928083
     0.72324816
     0.64046586
     0.91609090
     0.91162342
      1.8713839
     0.70120962
     0.51746179
      2.1562744
     0.44340985
      1.2820834
