      2.2074418
      1.6120465
     0.94740872
      1.3550166
      1.1647193
     0.73114720
      1.2764172
      2.1550511
      1.4468571
      1.7138834
     0.88849665
     0.99457463
      1.3658382
     0.79468475
      1.6374911
     0.83141629
     0.19340409
      1.3112099
      1.0235204
      1.2048351
      1.0812521
      1.4036855
      1.0373058
      1.4810363
      1.7168650
      2.5830136
      1.5810821
      1.2814522
     0.61091746
      1.3211754
     0.79790659
      1.5973216
      1.6231349
      1.9076082
     0.74585464
      1.8410195
      1.1623547
      1.4985496
     0.30550235
     0.92443150
      1.7428721
      2.0623159
      1.6903055
      1.8025403
      1.1986957
      1.2528048
      1.6167134
      1.5434743
      1.5336930
     0.64062622
