      1.9931882
      2.0722471
      1.5589386
     0.56775379
      1.0691151
      1.4973297
     0.65796113
      1.1612680
     0.87402526
      1.3408126
      1.0650232
      2.2685345
      1.5475057
      1.0311875
     0.64880996
      1.6087630
      1.0388088
     0.65116215
     0.62736601
      1.4394280
      1.7481201
     0.95771094
     0.46776553
      1.5525783
     0.95467490
      1.0900670
     0.58443751
      1.1540532
      1.6810542
      1.0918322
     0.25183442
     0.47531304
      1.2374771
     0.84220853
     0.65590516
     0.65400171
     0.59515313
     0.97107979
      1.2916804
     0.99716994
      1.8996966
      1.6097037
      1.4021719
     0.51062141
      1.1610766
     0.46221871
      2.7599476
      2.1082218
      1.1434436
      2.2636978
