      1.6478302
     0.49202492
      1.2493469
     0.98958128
     0.86119191
      1.5909123
      1.6651705
      1.6251943
      1.9803079
     0.70999434
      1.5258525
      1.0258631
      1.5623444
      1.0718304
      1.7398563
     0.82993303
      2.4738849
     0.61213019
      1.8585060
     0.74175769
      1.5701048
     0.58810017
      1.6556462
      1.4094689
      1.4929826
      1.0996148
      1.9274315
      2.3268608
     0.71706429
      2.5440088
     0.86189554
      1.0220413
      2.3715522
     0.82457525
      1.5403658
     0.47242525
      1.6491036
      1.0822606
      1.1028199
     0.83341379
     0.93395910
      1.0118437
     0.60992221
      1.2275541
     0.72684216
      1.6413830
     0.67470090
      1.0159808
     0.76003236
      1.6295966
