      1.9712575
      1.4403975
      1.0104841
      1.5068244
     0.80208622
      1.0062078
      1.0474589
      1.0007500
     0.50920728
      1.8265979
      1.7605001
     0.83902051
      1.8500733
      1.5029737
     0.47667010
     0.82350448
      1.8880632
     0.50150718
      1.1013186
      1.2185094
      1.4132188
      1.7905142
     0.91914986
     0.87411071
     0.47623145
     0.94679866
      1.8419324
      1.5656343
      1.5061316
     0.52511010
     0.92274523
     0.33526502
      1.1129903
      1.4742040
      1.1633618
     0.74280342
     0.72681925
     0.72741569
     0.30787280
     0.82684725
      2.2436545
     0.86905598
     0.63537600
      1.1409574
      1.3505164
      1.3248602
     0.54096912
     0.73173298
     0.81855791
      1.4695386
