     0.88473582
      1.9242588
      1.2699823
      1.4544274
     0.76866116
     0.72691652
      1.0073932
      1.9177970
     0.76543274
     0.96281108
      1.1813328
     0.60273072
      2.1084030
      1.5118306
     0.69304462
      1.4231855
     0.89510488
      1.7985123
     0.57379673
     0.64132555
      1.2778128
      1.4219981
      1.8004999
      1.3979016
      1.8017200
      1.4547990
      1.5285288
      1.2798511
     0.97838897
      1.8075486
      1.6776846
     0.92471904
      1.0684808
      1.0541783
      1.4438963
      1.2004337
     0.49238420
     0.99469743
      1.1381344
      1.4062237
      1.1004004
     0.82562620
     0.65179981
      1.7354753
     0.44946615
      1.3208880
      1.2138992
     0.92933938
     0.83638300
      2.0838778
