      1.3426951
     0.63872123
      1.0090746
      1.2496349
     0.52165030
     0.92580377
      2.4066536
     0.98236415
      1.6268239
      1.3037079
      1.5816792
      1.6792041
     0.70512563
      1.5645868
      2.2524690
     0.92637075
      1.0350278
      1.7721201
     0.15555063
     0.89730351
      1.2519430
      1.0320893
      1.1250262
      1.1595413
     0.40610181
     0.29857694
     0.79194224
     0.46623160
     0.53204831
      2.2126775
      1.5034496
     0.82835902
      1.4786104
      1.9621185
     0.87913311
      1.3433519
      1.2589411
     0.73922182
     0.45021805
      1.4008552
      1.0995225
      1.7740783
     0.95837276
      1.1212481
     0.95876166
      1.1143095
     0.52383103
      1.0815908
      1.6512965
      1.3667260
