      1.4645533
      1.3080428
      1.1949468
      1.7049792
     0.76783061
      1.3301997
      1.5644415
     0.49082842
     0.33885321
      1.0978585
      1.6832066
     0.51341165
     0.71069551
     0.87039245
      1.6212939
      2.0148850
     0.46664615
      1.7815609
      1.8568743
      2.6234614
      2.3659084
      1.7764015
      1.3903721
      1.7342176
      1.6693383
      1.0044991
     0.84967595
     0.99215165
      1.3831711
     0.88008162
      1.2870184
      1.0291271
     0.93622838
      2.0484675
      1.6879155
     0.91343135
      1.3047339
      1.9259652
     0.65912252
     0.86525048
      1.4420677
      1.4579576
     0.65932374
      1.0091145
      2.2790815
      1.1846371
      1.1948514
     0.32311373
     0.92709420
      1.6165651
