      2.0118099
     0.52724901
      2.2419711
      1.2750389
      1.4888414
      1.1517472
     0.75276521
      1.6044307
      1.4222597
     0.45002250
      1.9546746
      1.0320646
      2.2991034
     0.59231313
      1.3348686
     0.52709789
      1.6608778
     0.60402943
      1.3340549
      1.1297251
     0.70165285
     0.83906089
      1.3520420
      1.7833580
     0.98002396
     0.49469379
      1.7904060
      1.3005490
      1.2895718
     0.61890081
     0.55924853
      1.1052621
      1.2571221
      1.6244489
     0.49249557
      1.5620979
     0.56655436
      1.9010772
      1.5063051
      1.2465906
      1.4788047
      2.0205500
      1.4677869
      1.8242629
     0.47190119
     0.34920482
     0.89207041
      1.1427611
      1.2310346
      1.9538557
