     0.67340701
      1.0756384
      2.4426915
      1.9348308
      1.2683200
      1.3972210
     0.55713399
      1.3125005
      2.2531465
     0.88661625
      1.6669726
      2.1537457
     0.82553861
     0.76501424
     0.23669300
      1.1310021
      1.6323983
      2.0076809
      1.1304205
     0.63524362
      1.4471085
     0.89673544
      1.3596073
      1.9937466
      2.2310415
     0.70850397
      1.3246034
     0.77813587
      1.5816881
     0.52061383
     0.35001002
     0.22554431
      1.6498791
      2.7102346
     0.90692804
      1.4069219
     0.92719396
     0.66830182
      1.3849797
      1.0254594
     0.79089909
     0.69466241
      1.2124295
     0.80922031
      1.0772130
      1.0829052
      1.3154292
     0.63422001
     0.89976193
     0.65764671
