      1.8310841
      1.8412507
      1.8527415
      1.3795399
      2.1526066
      1.2831337
      1.0504865
     0.79174218
      1.5258196
     0.87149436
     0.63938431
      1.6129521
      1.6176919
     0.32766225
     0.88852584
      1.2074664
     0.31273658
      1.7915394
     0.50428582
      1.7570397
      1.8015995
      2.1896840
      1.0367166
      1.9250275
     0.80629476
     0.51004165
      1.9162320
     0.65472290
     0.77622904
     0.89646054
      1.7087583
     0.81576248
      1.7734594
     0.72471109
      1.1048079
      2.0490138
      1.2232091
      1.7787841
     0.95121498
      1.5969124
     0.77833779
     0.86072065
      1.1414863
      1.5379749
      1.5075355
      1.2690945
     0.86309687
      1.1182883
     0.76369548
     0.96303680
