     0.55519387
      1.4383564
     0.87262113
      1.3576469
      1.7585970
     0.92758006
      1.3332710
      1.3669563
     0.60281133
     0.81765788
     0.49885346
      1.0953770
     0.74268634
      1.3617953
      1.4996906
      1.2826516
     0.98787849
     0.90291548
     0.80571993
      1.7101422
      1.4200951
      1.8391534
     0.89397773
     0.46252143
     0.72103338
      1.1366220
     0.71155784
     0.93005537
      1.3057939
      1.0961551
      1.2355148
     0.55415072
      1.3712762
      1.9491821
     0.60105774
      1.4080806
      1.1114045
     0.62373248
     0.98318508
      2.4936731
      1.5090852
      1.3334999
      1.5258531
      1.3305930
      2.0069580
      1.1308470
     0.71049477
     0.64786108
      1.2350914
      1.0090908
