      1.1604122
      1.2127391
      1.4282479
     0.70082631
     0.89080727
      1.0902654
      1.5404683
     0.62718285
     0.34535699
     0.96367663
      1.6604346
      1.2748019
     0.89235167
      1.5854600
      1.4277529
      1.3614832
     0.73568511
     0.33972682
      1.5924475
     0.91882571
      1.3297134
      1.1041054
      1.6435745
      1.3454544
     0.38235933
      1.0115038
      1.6613181
      1.2887049
      1.1214156
     0.16224263
      2.1663911
      1.2324460
     0.45386546
     0.89319819
      1.2059092
     0.63762950
     0.62459922
      1.0622641
      1.8839583
     0.97152109
      1.7389394
      1.9009848
     0.82973622
      1.1670683
      1.5006652
      1.1407709
      1.7679141
      1.8045800
      1.0064889
     0.97906139
