      1.6206652
     0.51686893
      1.0464169
      1.6930000
      1.5977666
      1.7571906
     0.51135359
     0.99732262
     0.71908067
      1.0812312
      1.6689099
      1.5192037
      1.4427670
      1.5356614
      1.0817782
      1.3874683
     0.55063657
      2.4833117
     0.89346483
      1.7885373
      1.1938797
      1.6562743
     0.99274146
     0.20309467
      1.8904855
      1.7662336
     0.60317922
      2.2538471
      1.2258748
      1.5027061
     0.95216693
      1.6368650
     0.59243735
     0.39397309
     0.82819260
     0.34833445
     0.67902968
      1.0904959
      1.0790810
      1.7104446
     0.81715690
      1.2135598
      1.1511247
      1.0958984
      1.0369325
     0.55437094
      1.3616342
      1.7501375
      1.7397939
      2.0202138
