     0.77169214
      1.7523860
      1.0008535
      1.2028443
      1.3774883
      1.7296472
      1.8553362
      1.6507190
     0.82889086
      1.3396022
      1.4987910
      1.2313387
      1.8006140
      2.2602291
     0.98660326
      1.0832948
      1.2438263
      1.6966548
      1.3042223
     0.97744085
      1.5700809
     0.94864812
     0.86621297
     0.68501264
      1.3112339
      2.3622866
      1.4858944
     0.51926682
      1.1977010
      1.7650588
      1.1791297
      1.4082187
      3.0402196
     0.95878089
     0.89869815
     0.95554592
      1.5981896
      1.1059063
      1.4525045
     0.79730637
     0.81508353
     0.38262367
      1.4797733
      1.7729876
      2.0113985
      1.6614020
      1.5841203
      1.5261845
     0.44044278
     0.83448815
