      1.5086233
      1.4143924
     0.97379471
      1.8793728
      1.3705588
     0.79778868
     0.65820252
      1.0077228
     0.99475420
      1.5957251
     0.97234207
      2.0591255
      1.4317855
     0.61093763
      1.3829958
     0.78512622
      1.3604177
      1.1700098
      1.7507638
      1.3169575
      1.0129717
      1.2762491
      1.3071635
     0.46208638
      1.6595023
      1.6817651
     0.72017873
      1.4751839
      1.4484921
      1.5502824
      1.1288280
     0.66493642
      1.3064555
      1.6337385
     0.61051871
      1.1573724
     0.62548888
      1.9698354
      1.4677310
      1.3570954
      1.3136280
      1.6369492
     0.67024161
      1.3948338
     0.92580690
      1.7417556
      1.7751718
     0.85605711
      1.9236436
      1.3953206
