      1.0517139
     0.95978899
      1.3654472
      1.1216646
      1.2904749
     0.93576169
     0.85148493
      1.2123520
      2.2092779
     0.82473962
      1.1445316
      1.9266797
     0.93890715
      1.0528927
      1.5075169
      1.2026507
      1.4376711
     0.85510367
     0.93707654
      1.3006270
      1.3526582
      1.8864652
      1.9712219
     0.73897909
      1.2443277
      1.9913378
      1.2915654
     0.52390394
      1.5130221
      1.0711767
      1.7240886
      1.1564120
      1.4252139
      1.5983353
      1.1025643
     0.72668100
     0.78286935
      1.0691829
      1.1566862
      2.1952225
      1.0685221
      2.0120801
     0.34779068
     0.95117912
      1.2724127
      1.1419516
      1.2562450
      1.1169372
     0.60233183
      1.1141969
