      1.8768053
     0.89568972
      1.0925564
      1.0391350
     0.59288344
     0.57272484
      1.8287519
     0.62804840
      2.8820253
      1.8023132
      1.1245392
      1.1966612
      1.0412178
      1.0037657
     0.74649777
      1.5578928
     0.80610278
      1.0794217
      2.3225917
     0.96859175
     0.88215848
      1.1153462
     0.74237174
     0.87769567
     0.59517698
     0.99653783
      1.2021754
      1.5640530
      1.4958774
     0.44345223
     0.97590296
     0.65515738
     0.68562754
      1.1679066
     0.74717628
      1.0392438
      1.0571013
      1.2821558
     0.28095003
      1.2159735
      1.3769992
      1.2618875
      1.6738265
      2.0773582
      1.4110008
      1.7300977
      2.6228690
      1.5602508
     0.95790951
      1.6550235
