      1.8751970
     0.80264339
     0.17283445
     0.96117009
     0.52995938
     0.63872648
     0.88398800
     0.88351789
      1.3584583
      1.5022538
     0.78455297
      1.2762430
      1.1649883
      1.0623506
      1.0836345
      1.0096056
      1.7460514
      1.1906736
     0.78177553
     0.45915146
      1.9504722
      1.1490813
      2.1043821
     0.92765082
     0.80044736
     0.90014422
      1.9593684
      1.9461918
      2.3193536
      1.2634996
      1.4146215
      1.1904852
      1.5718480
     0.59621626
      1.3509043
      1.3689080
      1.0220784
      1.3387962
      1.7967625
      1.5735070
     0.79842438
      2.3775457
      2.2297822
      1.5173702
      2.3042687
      1.5873581
     0.49328780
      1.4085863
      1.5957265
      1.3081030
