      1.4711095
     0.80346611
      1.0998436
      2.3027803
      1.4636765
     0.54667337
     0.51181760
      1.7380175
      1.4537288
     0.33965163
      1.2686830
      1.0693914
      1.3771232
      1.6212598
     0.76649902
      1.3517856
      2.3252384
     0.45310237
     0.90373399
     0.96896535
      1.0284708
      1.9333937
      1.1468302
     0.73707720
      1.6321799
      1.0454784
      1.2434923
     0.50917458
      1.4418196
      1.0363221
      1.3752930
      1.3361843
      1.7194402
      2.2341864
     0.93170316
     0.41053755
     0.54137605
      1.2953282
      1.8245896
     0.85583807
      1.3159451
     0.76521186
      1.4723771
     0.86546315
      1.3444503
     0.83240844
      1.1269120
     0.64295810
      1.7692125
      1.8235827
