      1.3329954
      1.3610275
      1.6528599
      1.0992605
      1.1617514
     0.40439182
      1.7484154
      1.0166602
     0.73090404
      1.8946469
      1.3585643
      1.6873808
      1.7852587
      2.0648284
     0.57287980
      1.5500957
      2.3537099
      2.0028402
     0.68558532
      1.4179151
     0.65768454
     0.69524367
     0.92861821
      1.1342924
      1.2762889
      1.6623616
      1.8091937
      1.4772486
      1.3837139
      1.1893643
      1.0880484
      1.9172729
      2.3054304
     0.57737419
     0.99935376
      1.0065300
     0.71683804
     0.52937641
      1.0468785
     0.36668064
      2.0027035
      1.3104242
      2.4323976
     0.87198523
      2.0205398
      1.2018604
     0.72533693
     0.89353107
     0.52207249
      1.4527065
