     0.84594599
     0.98846841
      1.4170669
      1.8735344
     0.90076669
      1.1880318
      1.3969768
     0.45320688
     0.90419424
      1.3828923
      1.5074721
      1.0610080
     0.55174623
      1.4295898
     0.86328995
     0.93929157
     0.95968745
      2.0641778
      1.5450145
      1.3802677
     0.76963342
      1.7584083
     0.89114770
      1.2690433
     0.88059343
      1.0291132
     0.68191389
     0.84069647
     0.68449724
     0.51804885
      1.6532980
      1.6123958
     0.71848009
     0.68077265
     0.67391805
     0.89651406
      1.3977847
      1.3712909
      1.2400294
      2.1685833
      1.7175841
      1.3078241
     0.78695226
      1.4841700
      1.8085644
      1.1316695
     0.31683418
     0.65360999
     0.63091257
     0.91717409
