      1.4003464
     0.51706105
     0.56815842
     0.87695071
      1.6632599
     0.48444792
     0.98674941
     0.70500561
      1.3497277
      1.9018508
      1.9861581
     0.94904207
     0.73032108
      1.8273964
      1.6333513
     0.42863219
     0.95358141
     0.31791631
      1.3156201
      1.9512247
      1.6014030
     0.48261423
     0.92641273
      2.5028156
     0.90061893
      1.5898828
     0.73621989
     0.86888475
     0.56671936
      1.0347404
      1.3394078
      1.3310382
     0.59057570
      1.5917684
      1.2196304
     0.64576336
      2.1640004
      1.0317992
      1.1326989
     0.89032972
      1.9164678
     0.60940378
     0.67141786
      1.4645857
      1.5941547
     0.82032029
      1.4028730
      1.4267639
     0.69137933
     0.39130358
