      1.4850592
      1.6209873
      1.4374523
      1.6600008
      1.6017690
      1.8317257
     0.82747329
     0.80210235
      1.2159300
      1.1848238
      1.3066614
     0.67821931
      1.3702096
      1.4060590
      2.2129994
      1.8873622
     0.86670900
      2.8381675
      1.0858384
      1.7234805
     0.44524356
     0.14715547
      1.3922536
     0.86297930
      2.4165087
      1.7085917
     0.73135763
     0.70054697
     0.95839433
      1.9887231
      1.3756002
      1.3994961
      1.3113202
      2.2195589
      1.2123414
      1.8961499
      1.2773761
      1.3960306
      1.3465265
      1.6735486
     0.76044518
     0.79728513
     0.91120518
      2.1592812
     0.78932515
      1.0188440
      1.0086255
      1.1606948
      1.2329650
      1.0791143
