     0.27850779
      2.9659792
     0.78559604
      1.5433263
      1.1535297
      1.7050373
      1.1994685
     0.30893216
      1.8671151
      1.0481040
      1.3649429
     0.98887402
     0.77147322
     0.99922926
     0.97495953
      1.5057731
     0.83413321
     0.77882353
      1.8982613
     0.65519665
     0.81502354
     0.82194505
     0.92705501
      1.8479299
      1.3999164
     0.34950848
      1.0599857
      1.3723138
     0.66236696
     0.64260812
      1.7942359
     0.24839432
     0.84367987
      1.0161645
     0.72047361
     0.98934323
      1.7414054
     0.89253948
      1.4619184
      1.3398982
      1.0247005
      1.4678023
      2.0479758
      1.4844677
      1.3558771
      2.1936591
     0.49598046
      1.3177737
      1.2325053
      1.9141597
