     0.52076688
     0.70440834
      1.8072919
      1.5760732
     0.52869648
      2.0263220
      1.6766414
     0.97605544
      1.4077435
     0.83666394
      1.6334565
      1.2561236
      1.2614089
     0.43644682
      1.1969353
      1.7906847
     0.64458112
      1.2079816
     0.97264645
      1.0120916
      1.4181517
      1.8671329
     0.58361611
      1.5502967
      2.1056585
     0.37956088
      1.3328563
     0.37682995
     0.45628893
     0.40752285
      1.2370786
     0.50710405
      1.6977131
      1.1797100
      1.2989224
      1.8148244
      1.5903913
     0.53022785
      1.1288470
     0.23035529
      2.0489212
      1.4786304
     0.69140059
      2.2329077
      1.7488166
     0.30334924
      2.4937982
      2.3706099
     0.97509911
     0.82254854
