     0.54200733
     0.81530918
      1.0110384
      1.0121447
      1.9361818
      1.0175416
     0.63040757
     0.65447147
      1.2896446
      1.0821873
     0.49345933
     0.51047451
     0.52087622
      1.0664183
     0.99685977
     0.78371055
      1.0369692
      2.7027146
      1.3357949
     0.95763760
     0.62243520
      2.1384607
     0.94726983
      1.6025525
     0.84232211
      1.5492181
     0.96648657
      1.6945527
      1.4745043
     0.87426553
      1.7719520
     0.97051233
     0.13012094
      1.2736845
     0.99890834
      1.8618858
      1.3399719
      1.4283083
      1.5753993
     0.65529371
     0.52907458
      1.0120235
     0.65038894
     0.82078473
      1.0434081
      2.0274767
      1.0592543
     0.71540297
     0.56500941
     0.66229485
