      1.1728717
     0.54708213
      1.2958388
      1.3326769
     0.82328436
     0.26540634
      1.8392774
      1.7260668
     0.56621082
     0.43227753
      1.8998111
     0.72087525
     0.73475013
      1.4021421
      1.2361655
      1.5022872
      1.2149118
      1.0187744
      1.5483138
      2.3212025
     0.98337337
      1.2908099
      1.7580436
      1.4750465
     0.90358958
      1.4228344
      1.6809107
      1.4034682
     0.87932008
      1.4311697
      2.2100041
      1.5803204
      1.1441301
      2.5341794
     0.37064683
      1.8021210
      1.1590431
      1.2779341
      1.2122638
      1.0679786
      1.8478726
     0.59550781
      1.5598382
      1.7470088
      1.1763249
      1.0433753
    0.079527910
      1.1789359
      1.4150777
     0.66828217
