      2.1221574
      1.0783957
      1.9549513
     0.91761924
     0.79083406
      1.7025321
      1.2651813
      1.3460769
      1.4001135
      1.7433458
      1.2128978
      1.2682184
     0.87206780
     0.84346545
      1.3476404
      1.3538055
      1.2849054
      1.4090395
      1.9055673
      1.6821025
     0.60553998
     0.71948984
     0.83470661
      1.4074347
      1.3390514
      1.3038309
      1.5682333
     0.58500147
      1.5270924
      2.1537661
      1.0468538
      2.0937336
     0.77926880
      1.4912060
      1.1709705
     0.39714089
      1.6922667
     0.70957614
      1.2535450
     0.81947107
     0.98736411
      1.4018797
      1.4541834
      1.3371467
     0.82060209
      1.7045551
      1.6519739
      1.7933021
      1.4570450
     0.98062543
