      1.2089490
      1.2058183
      2.2041899
      1.0226025
     0.90321525
     0.52130938
      1.8824410
      2.2694510
     0.82064242
     0.89340837
      1.7630540
      1.6691104
      1.1699519
      1.8941592
     0.57546179
     0.94839486
      1.9071376
      2.0526572
     0.90043099
      1.1414664
     0.17312385
     0.50676715
      1.1883215
      1.1803096
      1.5317393
     0.81630973
     0.62145359
      1.7739588
      1.5395791
      1.2260585
      1.6556484
     0.50612024
     0.51189212
      1.6862112
     0.47626066
      1.4433731
      2.3547902
      1.6918841
     0.95131246
     0.31793388
     0.73074659
     0.61253819
      1.6271136
      1.1192327
      1.7210494
      2.0008432
      1.6918072
      1.5167159
      1.2035993
      1.3162096
