     0.74809734
      1.1541927
      1.1992871
      1.4652410
      1.0739214
      1.7290747
      1.3472777
     0.91685048
     0.94512048
      1.5584963
     0.47149374
      1.3977977
     0.78896131
      1.3772983
      1.4486193
     0.87504607
     0.93296862
     0.42578033
      1.2043558
     0.82638809
      1.1342873
      1.0922831
     0.73675959
     0.75371070
      1.0519329
     0.65333016
      1.1923317
     0.40875186
     0.35503703
      1.1548527
      1.7742596
      1.3309287
     0.46910700
      1.3893449
      1.6251678
     0.80454874
      1.4738681
     0.67685615
      1.0481429
      1.0571261
     0.81202872
      1.3045555
      1.9229783
     0.64574309
     0.74870558
      1.0677001
     0.40104720
      1.1679488
      1.2011746
      1.3345340
