     0.64926001
     0.83185010
      1.1024937
     0.11845189
      1.8852075
      1.2841023
      1.4606342
      1.9600886
      1.0552325
      1.0492091
      1.3205945
      1.2839372
      1.2766432
     0.73822976
      2.0662614
      1.6565177
      1.3007558
      1.1500296
      2.3333106
     0.67388830
     0.31918858
     0.69882111
      1.3957001
     0.98869808
     0.86416096
      1.8479714
      1.0203735
     0.92662982
      1.5538284
      1.3478792
     0.70563582
     0.35064921
      1.1505191
     0.94100578
      1.0600632
      1.1122569
     0.67665040
      1.3158592
      1.1214604
      1.1040480
      1.5475312
      1.3327881
      1.2844477
     0.54352890
      1.4383446
     0.78614193
      2.0963028
     0.95808365
     0.99863104
     0.96974330
