     0.13910910
      1.4457649
     0.70857859
      1.6732691
      2.0575801
      1.7661167
      1.2586070
     0.36972973
      1.3868215
      1.2779255
     0.55098178
      1.6280027
     0.57418293
      1.8527364
     0.18733267
      1.0771332
      1.8644328
     0.67039782
     0.90350512
     0.58890209
      2.1801010
      1.0485204
     0.78156260
      1.2831731
     0.88815895
     0.35413259
      1.6972776
      1.3699705
     0.35457445
     0.67794783
     0.35725662
     0.32249007
      2.1927414
      1.4072201
      1.9062984
      1.6238374
      2.0269314
     0.36840841
      1.0265385
      1.8424627
     0.51578239
     0.81418357
      1.9375947
      1.8616123
     0.41615025
      1.1557829
     0.97977262
      2.3733744
      1.3983476
      1.0612845
