      1.1079427
      1.2110769
      2.0384380
     0.42504492
     0.60329882
      1.2156813
      1.3710025
      1.2970944
      2.4473297
      1.2889998
      2.3435967
     0.99954558
      1.3810542
     0.52120263
     0.64136104
      1.3144321
      1.1224610
      1.7175501
      1.6306007
      1.9733012
      1.4227004
      1.4707869
     0.98532971
      1.1305567
      1.6357857
      1.2473772
      1.4710782
     0.61845201
      1.8702301
      1.7274102
      1.1486707
      1.8999244
      1.5342761
      1.4118674
     0.89644816
     0.86019390
      1.0903397
      1.0685277
      2.0420727
      1.9245366
      1.1260741
      1.0372037
      1.8977165
      1.0064152
     0.91425563
      1.1044070
     0.74820252
      1.3271802
     0.39869528
     0.97934663
