      1.7248738
      1.1656592
     0.36507675
     0.75721228
      1.4855541
     0.87096342
     0.79689506
      1.4685476
      2.1971281
     0.64452032
     0.59002202
      1.1867581
     0.43784183
      1.4949706
      1.5396091
      1.8308609
      1.0775791
      1.3669299
     0.71364499
      1.2696639
     0.90003007
      1.8802024
     0.94097066
     0.86310733
      1.1659720
      2.5679626
      2.0658760
      1.5154964
      2.1556997
      1.3330840
      1.4686188
     0.99033759
      1.5005813
      1.3475799
     0.99200086
      1.1623532
      2.2463628
      1.2917142
      1.6438927
     0.89303568
      1.0350021
      2.5780452
      1.7703590
      1.2276822
      2.1646178
      1.1333712
     0.89696723
      1.9259960
      1.2891839
      1.6074465
