      1.0164113
     0.86789933
      1.4285236
      1.8898653
      1.1206890
      1.5500081
     0.74542565
      2.3673455
     0.35597079
      1.6418245
      1.7936823
      1.5064851
      3.0082930
     0.48875625
      1.3742831
      1.8319941
     0.85179646
     0.88337414
     0.90317509
     0.62932744
      1.1258332
     0.81059744
      2.0346277
     0.80994515
     0.99789285
      1.5884358
      1.3438015
      1.1563570
      2.1184815
      1.1228128
     0.62854466
     0.83007767
     0.34979861
     0.88212840
      1.3458046
      1.4885775
      1.4095641
     0.77595994
     0.59088189
      1.5017522
      1.4624402
      1.0143434
      1.4298465
      1.2104908
      1.0184047
      1.7979894
      1.1768214
      1.8869614
     0.55466068
     0.68079653
