      1.3110936
      1.4757829
      1.4357149
     0.33441650
      1.4786603
      1.9018023
      1.2078249
     0.85066364
      1.0026769
      1.4229234
      1.0165631
      2.5611297
     0.84566645
      1.2209550
      2.5715846
     0.91225193
     0.61118128
      1.1282647
      1.6965823
      1.9937961
      1.8014860
     0.41173821
      1.0856912
     0.86547954
      1.2789396
      1.9422103
      2.1631073
      1.5882933
      1.2995345
     0.35104456
      1.3208025
      1.4384901
     0.88894485
     0.69438294
      1.7109668
     0.81957733
      1.2120795
      2.3126169
      1.0547032
      1.8926441
      1.2669064
     0.89697846
      1.6629751
      1.2390883
     0.74089700
      2.3111548
      1.7413505
      1.8113490
      1.0897537
      1.3187082
