      1.3977739
      1.2444696
      1.0977808
      1.2130864
      2.0055208
     0.76310081
     0.77513593
     0.83233073
      1.0139902
      1.2594620
      2.3572362
      2.0403859
      1.2765153
      1.1567197
      1.8998612
      1.3793565
     0.54025452
     0.71526253
     0.21341906
      2.1402755
     0.39885164
      1.8455228
      1.2925931
      1.2106622
     0.17784328
     0.58969476
     0.75241724
     0.43110850
      1.3662401
      1.4856833
      2.0432442
     0.52961436
      1.9224014
     0.81561917
      1.8589081
      1.9909332
      1.3205189
     0.76009958
      1.2900878
      2.1605375
     0.88176410
     0.64995088
      1.3007071
      1.1366154
      1.1629501
     0.65811854
      1.0680823
      1.0449658
      1.2972346
     0.97681966
