     0.49217497
      1.5364860
     0.30697997
      1.1493704
      2.2608299
     0.74966043
      1.0452089
     0.91538848
      1.0605491
     0.82242776
      1.2658454
      1.1341635
     0.94985182
      1.1505438
     0.80967360
      1.0782579
     0.93621186
      2.0901182
     0.85028874
      1.7791226
      1.5039150
      1.3043465
      1.9918001
      1.7771264
      1.2344095
      2.4921933
      1.9042957
     0.85642364
      1.5654715
     0.81021203
      1.0139301
      1.1882037
      1.4694029
      1.3069291
      1.1802015
      1.0069888
     0.96662002
     0.90742675
     0.84815425
     0.78114023
      1.3545604
      1.4171703
     0.64030683
     0.89722276
     0.97011255
      1.4516628
      1.0075115
     0.81470523
      1.1259703
      1.6522042
