      1.1749679
      1.4980158
      1.4010730
      1.6394165
      1.2819820
      1.5842552
      1.8682738
     0.87311420
      1.7544399
      1.0679161
      1.6654323
      1.7165585
      1.3470879
      1.2130114
      1.1641955
      1.1550958
     0.62304514
      1.0998019
      1.9085842
      1.8939792
     0.18462343
      1.3627513
     0.63884117
      1.0699703
     0.76815600
      2.0746440
      2.2923419
      2.2051805
      1.1211574
      1.6233317
     0.67624847
      1.1642163
     0.86276253
     0.52882945
      2.3902317
     0.33151755
      1.0850347
      1.3993028
     0.43547465
      1.1297382
      1.1786770
     0.74485821
      1.1847176
     0.54242738
      1.0120586
      1.8888238
     0.58991724
      1.0614021
      1.2193474
      1.7715668
