     0.60445128
     0.57373789
      1.5122656
      1.9324920
     0.70208945
      1.4197599
     0.66374274
      1.0508039
      1.1397025
      1.6204711
     0.98212500
     0.87449214
     0.74862879
     0.94017689
      1.5084662
      1.3872995
      1.3419466
     0.84093345
      1.5135042
     0.59211826
      1.2749188
      1.5983954
     0.70582149
      1.3227414
     0.14164375
     0.46448333
      1.3148307
      2.0217068
      1.8653845
      1.3153036
      1.4121672
      1.7050760
      1.3573958
     0.72302895
     0.91687893
     0.20481001
      1.6735604
      1.6444686
      1.0074729
      2.1233218
     0.70611015
      2.0116100
      1.4573288
     0.49366487
      1.5545775
      1.7150211
     0.46706456
     0.65750069
     0.97200364
      2.6697135
