     0.82506824
      1.0930026
      1.5195354
     0.20968558
     0.43234177
     0.37315124
      1.2910516
      1.5107672
      1.2225795
      1.2822445
      1.7923048
     0.63661884
     0.79926172
      1.4042205
     0.63493271
      1.4089265
      1.4457698
     0.37277168
      1.6998263
      1.1576127
      1.8630555
      1.0237700
     0.40279478
     0.96857697
      1.7364968
      1.0005903
      1.2298637
      1.1570349
     0.28994982
      1.3295526
     0.93066817
     0.68906058
      1.1785267
      1.3835254
      1.6225432
      1.5079564
      1.2684405
      1.0259834
      1.6268483
      1.2341100
      1.3622282
     0.81371589
     0.70924269
      1.8399528
     0.82867470
      1.1648974
      1.7351422
      1.0234943
      2.1342439
      1.7427334
