      1.3213088
      1.5280235
      1.5541552
      1.6212216
      2.0363993
     0.55081968
     0.94501002
     0.68453403
     0.97633720
     0.88099878
      1.9245802
      1.2873721
     0.20931578
     0.41858071
      1.5637192
      1.7509784
      1.9430180
      1.7876259
      1.1654275
      1.4015196
      1.6725563
     0.94991974
     0.38052299
      1.7193517
      1.3979690
     0.95221936
      1.4949304
      1.3696550
     0.78702215
      1.0853276
      1.3505541
     0.76615993
     0.55472315
      2.0743136
     0.63760014
     0.43776453
     0.88525460
      1.4186786
     0.58916499
      1.2589915
     0.81072824
      1.2579869
     0.27681651
     0.58004922
      1.3241027
      1.2639311
      1.8458459
     0.86767313
      1.5855404
      1.0973736
