     0.62430607
      1.3906363
      2.1926280
     0.89447478
      2.1590384
     0.21860587
      1.9463617
     0.75386869
      2.4800303
      1.3671393
     0.84353096
      1.4909227
     0.32974052
      1.3974448
      1.4104450
      1.0996948
      1.0836174
     0.71008140
      1.0497130
     0.85883427
      1.3009097
      1.0015099
      1.0333398
     0.47427280
      2.1014934
      1.2404187
      1.0402417
     0.90220608
      1.0926451
      1.3626581
     0.40863108
     0.69287428
      1.4792958
     0.78015380
      2.2226934
      1.4847713
     0.44222759
     0.40698433
      1.5627805
      1.3861787
      1.7049278
      1.8640332
     0.83170653
      1.0794520
      1.6223351
      1.4617870
      1.7170962
     0.85540385
      1.1449605
     0.27540964
