      1.4009209
     0.94206051
      2.0632067
      1.6700304
     0.44087168
      1.2226478
      1.3166921
      1.1695830
      1.0463034
      1.1234391
      1.5856336
      1.0594039
     0.48718993
     0.32942894
      2.2454818
     0.80550937
      1.6613919
     0.95321933
      1.4835661
      2.0028835
     0.94627555
     0.87788040
      2.5686264
     0.77338507
     0.53451908
      1.0167549
     0.62009839
     0.84645742
      1.5097196
     0.54659687
      1.3035173
      1.4043573
      1.2015151
      1.0318417
     0.90657591
      1.5322922
      1.2701416
     0.71545092
     0.97087045
     0.51110066
      1.4469663
      1.1135157
      1.3385951
     0.51879782
     0.65618810
     0.52472247
      1.2880952
     0.63278294
      1.7030194
      1.1088351
