      1.2069627
      1.3264535
      1.8101740
      1.2984705
     0.86299925
      1.4234979
     0.59628694
     0.32946977
     0.94191604
      1.3052879
      1.2449333
      1.9203038
     0.90698047
      1.2221401
     0.43089648
      1.6514199
      1.3406055
     0.76075839
      1.1860198
      1.3234191
     0.59192127
     0.69009600
      1.1770184
     0.42560522
      1.2999472
      1.5342378
     0.42154759
     0.46047982
      1.9558704
      2.1222004
     0.79074085
      1.0966848
      1.1585214
     0.94851989
     0.85091682
      1.2334043
      2.7701726
      1.1100003
     0.55975771
      1.0291787
      1.2158408
      1.4351732
      1.1340715
      1.0580091
      1.9243426
      1.7389957
     0.99584661
      1.5965443
     0.79117416
      1.9441430
