      1.5749408
      2.1027289
      1.1132429
     0.97992998
     0.44064966
      2.0398246
      1.0832168
     0.51500371
     0.61745808
      1.6339959
      1.0833451
      1.7651750
      1.0335553
     0.93742123
      1.4761750
     0.50898404
      1.5632420
      2.5134444
      1.0045543
      1.4801383
      1.6574286
     0.51249494
     0.65750935
     0.60115385
     0.98008784
     0.50286608
     0.39419205
     0.94010286
      1.2223157
      1.8569457
      1.4960061
     0.81771445
      1.2431674
     0.76753055
     0.88535908
     0.56327298
     0.39262062
      1.6492090
      2.4017249
     0.40437678
     0.67162413
      1.6010885
      1.2498857
     0.93432887
      1.0503001
      1.7561524
      1.3035072
     0.91556679
      1.3646709
     0.78965091
