      1.4540041
      1.4415704
      1.4666676
     0.80424244
     0.86558252
      1.7309314
      1.8041639
      1.5975624
      1.3215711
     0.78891876
     0.45941829
      1.1872388
      1.7199408
      1.6742974
      1.3950461
      1.4808996
      1.1520202
     0.52592233
     0.86844804
      1.6759609
     0.64699186
      1.1215810
     0.86834946
      1.6233305
     0.23819192
      1.5363078
      1.0849922
      1.0271064
     0.60845003
      1.8243103
      2.2346762
      1.1969424
     0.91214893
     0.91294349
      1.0590630
      2.7768130
     0.71258059
     0.52685835
      1.6041840
      1.2624169
      2.2405229
      1.7583724
      1.5960461
      1.6993609
     0.93397469
      1.7308238
      1.1218953
     0.92803058
      1.7242855
     0.54026570
