     0.57160989
      1.8612674
      1.1827607
      1.9843182
      2.4201768
     0.81146880
      1.1295880
      1.0722964
      1.3665496
     0.82085554
      2.2129135
      1.1053259
      1.6944536
      1.1816415
      1.2682793
      1.6287255
      1.4430485
      1.5895036
     0.97701604
      2.0478237
     0.21291843
      1.6317769
     0.69126655
      1.1663653
      1.3513666
     0.87587677
     0.46313604
     0.68174168
     0.89635617
     0.91425961
      2.0097476
     0.33952104
     0.88443206
      2.0623463
     0.50614993
      1.1725527
      1.2213997
     0.62516961
      1.1760271
     0.66306717
      1.2856511
     0.93199691
     0.82351198
     0.84320114
     0.35414447
      1.4856180
     0.62370363
      1.5804790
      1.1547121
     0.89604857
