      1.5001627
      1.3414319
     0.36738494
      1.3483835
     0.74492345
      2.5704929
     0.59902132
     0.54641094
     0.89274728
     0.24638736
     0.63444547
      1.9183082
     0.59728650
      1.1340200
      1.8351456
      1.3271604
      1.2066667
      1.0797799
      1.1933419
      1.5518177
      1.4938906
      1.6383046
      1.4908786
      1.1757245
      1.1994214
     0.76637218
      1.5849176
      1.9948598
      2.0325547
      2.3093571
     0.64901699
      1.8834168
     0.67111549
     0.58309369
      1.5947170
     0.70193683
      1.2225194
      1.5775575
     0.94142351
     0.44711847
     0.76812566
      1.7420950
     0.94930318
      2.2759127
     0.31038577
     0.77960060
      1.4725655
     0.92542672
      1.0701286
     0.79052402
