    0.096451117
    0.066726851
    0.066475345
    0.065891428
    0.067001510
    0.065045765
    0.066442660
    0.061769416
    0.066688487
    0.062254291
    0.059819901
    0.065079117
    0.068025689
    0.062159887
    0.060495953
    0.057921496
    0.062449060
    0.060311775
    0.053528793
    0.057331641
    0.055356962
    0.054131059
    0.054040262
    0.058780467
    0.052611284
    0.054862294
    0.056231464
    0.054101832
    0.055805542
    0.052770808
    0.053097554
    0.055329839
    0.053662038
    0.055559385
    0.053644718
    0.055491208
    0.057979458
    0.056324122
    0.055293291
    0.054750340
    0.053688842
    0.053717715
    0.055985213
    0.052963215
    0.051986732
    0.052119369
    0.053594218
    0.052731704
    0.052064496
    0.052559233
    0.053442489
    0.054993055
    0.054092322
    0.051741793
    0.051877171
    0.053849588
    0.053178491
    0.054578907
    0.049273320
    0.054381241
    0.050503952
    0.050724566
    0.048899843
    0.054975130
    0.050596716
    0.054271791
    0.049715061
    0.052874898
    0.050124964
    0.054782595
    0.053065881
    0.049728863
    0.052996564
    0.050776733
    0.052025107
    0.052801244
    0.048688792
    0.049705325
    0.046300053
    0.049753646
    0.050532895
    0.045829551
    0.047551683
    0.045864236
    0.046591586
    0.046282322
    0.049582946
    0.044997937
    0.043180047
    0.043899862
    0.046705050
    0.042562310
    0.041666000
    0.038737098
    0.040350202
    0.037168631
    0.037990584
    0.040998925
    0.036838367
    0.035944880
    0.036104338
    0.035575052
    0.038081448
    0.031929070
    0.032528540
    0.030664353
    0.030549487
    0.028687177
    0.027617164
    0.026015491
    0.025330622
    0.024550673
    0.023663238
    0.022859515
    0.021718164
    0.021876745
    0.021028077
    0.018736037
    0.018897196
    0.018528236
    0.019096471
    0.018630856
    0.018470080
    0.018245119
    0.017030542
    0.016322851
    0.017932696
    0.016082136
    0.016479134
    0.015383685
    0.016216824
    0.015523273
    0.014806342
    0.015311717
    0.015045789
    0.015455938
    0.014639754
    0.014878093
    0.013431151
    0.012885394
    0.012965522
    0.013222009
    0.012498185
    0.011857705
    0.011931927
    0.012356300
    0.011095977
    0.010936898
    0.010891120
    0.010705168
    0.010164578
    0.010122858
    0.011627810
    0.010535066
   0.0095446144
    0.010595936
   0.0092333394
    0.010384785
   0.0079604066
   0.0078110202
   0.0086465022
   0.0078419072
   0.0082661508
   0.0083719203
   0.0082447203
   0.0080814434
   0.0079844600
   0.0076660635
   0.0080155580
   0.0069595692
   0.0074855092
   0.0059678620
   0.0065892562
   0.0071438797
   0.0070844170
   0.0067298690
   0.0064929141
   0.0060669556
   0.0064985384
   0.0066438305
   0.0061509497
   0.0060589064
   0.0063519608
   0.0061951311
   0.0056006389
   0.0059851863
   0.0059325040
   0.0066058059
   0.0061490955
   0.0071541094
   0.0052398320
   0.0059152622
   0.0069814933
   0.0058909978
   0.0064932501
   0.0060865631
   0.0056475779
   0.0062465186
   0.0063041325
   0.0067179479
