    0.099943267
    0.067548970
    0.062606155
    0.064459564
    0.063247044
    0.065040171
    0.062912405
    0.062339964
    0.059941549
    0.063031969
    0.063416245
    0.061316381
    0.061080041
    0.062743925
    0.064491046
    0.063130876
    0.060755241
    0.062167524
    0.058987416
    0.061656196
    0.056999613
    0.054695254
    0.053717976
    0.057985708
    0.055353516
    0.053759570
    0.055710932
    0.055665155
    0.057490735
    0.054183583
    0.052166035
    0.056733058
    0.053011154
    0.054054710
    0.050941277
    0.053845456
    0.051925740
    0.052812536
    0.051986310
    0.060217086
    0.054579299
    0.052461255
    0.052973194
    0.053047784
    0.053482596
    0.053236850
    0.054564318
    0.055442980
    0.052999395
    0.053872244
    0.053650805
    0.053409966
    0.052461424
    0.050456605
    0.049006846
    0.053176900
    0.057446882
    0.055053815
    0.054553226
    0.052621161
    0.051831794
    0.048823056
    0.051563808
    0.050119433
    0.052217821
    0.049649229
    0.050420463
    0.053647926
    0.048786533
    0.051888320
    0.056399014
    0.048243524
    0.051768935
    0.054848183
    0.049867250
    0.053367392
    0.051285392
    0.048511374
    0.051672420
    0.051344169
    0.049473634
    0.052791527
    0.049795973
    0.051459805
    0.048495042
    0.047225077
    0.047923046
    0.046636978
    0.050041665
    0.048483556
    0.047542682
    0.046419242
    0.051520374
    0.047277283
    0.044537191
    0.048081114
    0.049448480
    0.047430062
    0.043794350
    0.050439241
    0.043069914
    0.043734196
    0.042487857
    0.042881189
    0.042488900
    0.041724853
    0.043319031
    0.041927451
    0.041176325
    0.040959711
    0.037874851
    0.039014851
    0.039186024
    0.037112599
    0.034122444
    0.034326651
    0.035382982
    0.032202729
    0.031827475
    0.032304334
    0.030813193
    0.030658557
    0.030252468
    0.027677099
    0.028561453
    0.025255695
    0.026616947
    0.025346478
    0.027012334
    0.024993514
    0.025473848
    0.023701239
    0.023695162
    0.020250844
    0.021849001
    0.020336163
    0.020622205
    0.020681578
    0.020186783
    0.018379343
    0.018588614
    0.019222001
    0.017424899
    0.018048307
    0.017646595
    0.017854818
    0.017293339
    0.015708300
    0.018056788
    0.016167161
    0.017023321
    0.016539047
    0.015477599
    0.015473367
    0.014293497
    0.014216178
    0.014655097
    0.013114724
    0.015507026
    0.013279740
    0.012676362
    0.013656496
    0.013403445
    0.012010745
    0.012083326
    0.012034132
    0.011398950
    0.011962680
    0.011955620
    0.011297844
    0.011812878
    0.011186924
    0.010452594
   0.0096039862
    0.010067155
    0.010657000
    0.010102076
   0.0088916251
   0.0094050906
   0.0093981712
   0.0082677791
   0.0091904424
   0.0085268651
   0.0082329110
   0.0078032744
   0.0085831379
   0.0093142236
   0.0086201069
   0.0080584417
   0.0079166683
   0.0072301644
   0.0081248647
   0.0076048172
   0.0074283392
   0.0066400974
   0.0068791567
   0.0074391303
   0.0066643053
   0.0061918860
   0.0067895752
