   0.0051758777
   0.0049117932
   0.0026402079
   0.0043768451
   0.0045001486
   0.0074827280
   0.0042278849
   0.0043567062
   0.0046499872
   0.0045657272
   0.0046895039
   0.0042422072
   0.0042243747
   0.0044564802
   0.0045932930
   0.0058066904
   0.0046167303
   0.0050903850
   0.0041738566
   0.0056773537
   0.0039067372
   0.0044383178
   0.0035711294
   0.0040542118
   0.0047931827
   0.0054266582
    0.010113670
   0.0049313156
   0.0050318393
   0.0044853617
   0.0036865493
   0.0052334158
   0.0035274761
   0.0041745305
   0.0032924641
   0.0037612574
   0.0036366537
   0.0035732650
   0.0037861512
    0.010733637
   0.0043128927
   0.0040677564
   0.0037558521
   0.0037700615
   0.0041209772
   0.0036685830
   0.0037166185
   0.0039425552
   0.0036676787
   0.0035978664
   0.0041767412
   0.0034548293
   0.0038620423
   0.0034910495
   0.0036578661
   0.0039614639
   0.0063138160
   0.0041074320
   0.0041735307
   0.0034253843
   0.0037894511
   0.0035417114
   0.0039977855
   0.0040111901
   0.0051009170
   0.0032600636
   0.0032644278
   0.0036846445
   0.0036199474
   0.0037914683
   0.0086672622
   0.0036547053
   0.0038031438
   0.0047972062
   0.0035752313
   0.0039144110
   0.0040183711
   0.0040060630
   0.0037926158
   0.0037740495
   0.0047212629
   0.0037084129
   0.0036937675
   0.0035586942
   0.0035776961
   0.0039400005
   0.0034833767
   0.0036154770
   0.0055312404
   0.0036985215
   0.0047311039
   0.0035909931
   0.0059841914
   0.0036028332
   0.0034501780
   0.0036690930
   0.0040158842
   0.0040644211
   0.0034668474
   0.0065851332
   0.0039689788
   0.0033822639
   0.0035355661
   0.0037401839
   0.0034716197
   0.0037016056
   0.0040050755
   0.0078490765
   0.0035923221
   0.0039464591
   0.0037469817
   0.0038651936
   0.0036947178
   0.0040321222
   0.0032712007
   0.0033890508
   0.0041879467
   0.0033526978
   0.0037280744
   0.0034645511
   0.0033816202
   0.0057803158
   0.0047958294
   0.0035547692
   0.0033920910
   0.0031131279
   0.0033711999
   0.0032837238
   0.0035684753
   0.0036719925
   0.0040407091
   0.0041805524
   0.0042400854
   0.0029447018
   0.0040206304
   0.0033422856
   0.0032689051
   0.0032607861
   0.0041025053
   0.0035548017
   0.0042679152
   0.0033830613
   0.0031102153
   0.0031314933
   0.0031595887
   0.0049507014
   0.0029874519
   0.0031331885
   0.0047363689
   0.0028933836
   0.0035722043
   0.0058000276
   0.0032855615
   0.0031310838
   0.0030109585
   0.0031223003
   0.0029389453
   0.0028927077
   0.0054797279
   0.0031178782
   0.0028420986
   0.0033127915
   0.0029711151
   0.0028227311
   0.0030276567
   0.0027692574
   0.0031451108
   0.0029621287
   0.0035934823
   0.0028112165
   0.0032424054
   0.0045465124
   0.0028305989
   0.0027399101
   0.0027947017
   0.0031144171
   0.0033333828
   0.0027747085
   0.0030632978
   0.0025864035
   0.0026355998
   0.0026969136
   0.0030762990
   0.0027015513
   0.0025895206
   0.0027993703
   0.0093497423
   0.0029406691
   0.0025466898
   0.0036582508
   0.0026274408
   0.0038360364
   0.0028780539
   0.0025179599
   0.0029006628
   0.0025686474
   0.0058760832
   0.0024982078
   0.0027967735
   0.0033305604
