   0.0046828866
   0.0070600566
   0.0041258541
   0.0046660311
   0.0042733676
   0.0044576769
   0.0048730924
   0.0041153135
   0.0044622634
   0.0049224344
   0.0051459659
   0.0037042007
   0.0036599546
   0.0049123432
   0.0043091691
   0.0044268375
   0.0037602335
   0.0036260181
   0.0036492647
   0.0053013237
   0.0056926911
   0.0037451952
   0.0037039707
   0.0039152355
   0.0036806282
   0.0044454914
   0.0033249481
   0.0034914198
   0.0033655126
   0.0034881899
   0.0037007402
   0.0039389044
   0.0083767117
   0.0045203997
   0.0032979822
   0.0037748958
   0.0034689484
   0.0035791879
   0.0039764598
   0.0039488917
   0.0036691674
   0.0038732631
   0.0032812479
   0.0033061119
   0.0043408683
   0.0033859440
   0.0036258512
   0.0034076811
   0.0037429719
   0.0037460494
   0.0036581650
   0.0054435464
   0.0095064059
   0.0036858074
   0.0038070665
   0.0034379215
   0.0078149635
   0.0034950080
   0.0046552241
   0.0032400645
    0.011830648
   0.0041783688
   0.0040175467
   0.0049411710
   0.0034771700
   0.0038651024
   0.0051993637
   0.0036402811
   0.0041450923
   0.0037449971
   0.0040756823
   0.0035703417
   0.0038990004
    0.011063438
   0.0035655862
   0.0035882524
   0.0035686177
   0.0033864233
   0.0036382352
   0.0035794261
   0.0035868863
   0.0035814629
   0.0034036840
   0.0038904171
   0.0040127522
   0.0035158229
   0.0034542230
   0.0029995343
   0.0035510247
   0.0024050343
   0.0035666130
   0.0030160301
   0.0032271300
   0.0040937627
   0.0035388551
   0.0032294462
   0.0034485190
   0.0029640816
   0.0035617912
   0.0028748401
   0.0036212230
   0.0032589724
   0.0034241823
   0.0038965665
   0.0034537731
   0.0029368883
   0.0038727744
   0.0031405367
   0.0030034862
   0.0032160138
   0.0032237748
   0.0028173586
   0.0031530864
   0.0027669682
   0.0027592622
   0.0033428292
   0.0037551032
   0.0032085321
   0.0028769071
   0.0037280724
   0.0036303387
   0.0029946772
   0.0038638685
   0.0028210623
   0.0028804965
   0.0037511966
   0.0028142354
   0.0029801236
   0.0030114519
   0.0026099062
   0.0026891706
   0.0028306567
   0.0029235268
   0.0033315874
   0.0029622951
   0.0038297116
   0.0031427707
   0.0027086193
   0.0038612767
   0.0053995455
   0.0035249526
   0.0025888800
   0.0026120493
   0.0029889831
   0.0030762060
   0.0029787802
   0.0025038347
   0.0030659831
   0.0036809609
   0.0026311176
   0.0026905408
   0.0031551047
   0.0027512900
   0.0027671405
   0.0028383582
   0.0027949831
   0.0024578272
   0.0049456788
   0.0034599762
   0.0024696304
   0.0025692714
   0.0026115302
   0.0035633678
   0.0035186800
   0.0030134066
   0.0029348991
   0.0030879562
   0.0025537576
   0.0025595190
   0.0028581951
   0.0026376657
   0.0027065378
   0.0028996243
   0.0026030444
   0.0025281227
   0.0027540754
   0.0024711225
   0.0027085189
   0.0030513081
   0.0031381444
   0.0031722919
   0.0031699483
   0.0026931809
   0.0026904155
   0.0024229582
   0.0028716673
   0.0026782486
   0.0026552544
   0.0029700478
   0.0025371222
   0.0024977651
   0.0032710039
   0.0027369179
   0.0027277255
   0.0028094001
   0.0026329124
   0.0027917030
   0.0029634552
   0.0027065434
   0.0024036161
