      3.3161380
      3.2599018
      3.2502122
      3.2538889
      3.2514896
      3.2550297
      3.2508235
      3.2496797
      3.2448296
      3.2510617
      3.2518258
      3.2476214
      3.2471438
      3.2504874
      3.2539509
      3.2512586
      3.2464858
      3.2493342
      3.2428733
      3.2483067
      3.2387459
      3.2338702
      3.2317714
      3.2408022
      3.2352733
      3.2318611
      3.2360316
      3.2359346
      3.2397723
      3.2327737
      3.2283989
      3.2381870
      3.2302415
      3.2324967
      3.2257017
      3.2320462
      3.2278722
      3.2298098
      3.2280051
      3.2453917
      3.2336221
      3.2290442
      3.2301591
      3.2303210
      3.2312630
      3.2307311
      3.2335901
      3.2354633
      3.2302160
      3.2321040
      3.2316264
      3.2311060
      3.2290446
      3.2246255
      3.2213749
      3.2306012
      3.2396808
      3.2346355
      3.2335663
      3.2293930
      3.2276660
      3.2209594
      3.2270767
      3.2238737
      3.2285122
      3.2228211
      3.2245450
      3.2316202
      3.2208767
      3.2277901
      3.2374848
      3.2196441
      3.2275279
      3.2341969
      3.2233098
      3.2310138
      3.2264628
      3.2202530
      3.2273157
      3.2265925
      3.2224267
      3.2297641
      3.2231501
      3.2268475
      3.2202159
      3.2173133
      3.2189133
      3.2159560
      3.2236999
      3.2201898
      3.2180428
      3.2154513
      3.2269810
      3.2174334
      3.2110384
      3.2192741
      3.2223701
      3.2177844
      3.2092710
      3.2245868
      3.2075329
      3.2091272
      3.2061258
      3.2070777
      3.2061284
      3.2042666
      3.2081322
      3.2047619
      3.2029195
      3.2023851
      3.1946146
      3.1975218
      3.1979546
      3.1926463
      3.1847226
      3.1852745
      3.1881036
      3.1794512
      3.1784026
      3.1797341
      3.1755369
      3.1750958
      3.1739324
      3.1663644
      3.1690013
      3.1589204
      3.1631470
      3.1592058
      3.1643543
      3.1580934
      3.1596053
      3.1539521
      3.1539323
      3.1423055
      3.1478141
      3.1426049
      3.1436043
      3.1438109
      3.1420802
      3.1355704
      3.1363401
      3.1386434
      3.1320034
      3.1343440
      3.1328405
      3.1336219
      3.1315041
      3.1253328
      3.1343755
      3.1271502
      3.1304734
      3.1286042
      3.1244090
      3.1243920
      3.1195554
      3.1192316
      3.1210582
      3.1145195
      3.1245272
      3.1152378
      3.1125894
      3.1168610
      3.1157732
      3.1095935
      3.1099242
      3.1097002
      3.1067659
      3.1093740
      3.1093418
      3.1062913
      3.1086871
      3.1057683
      3.1022379
      3.0979999
      3.1003352
      3.1032327
      3.1005091
      3.0942954
      3.0969798
      3.0969442
      3.0909273
      3.0958668
      3.0923410
      3.0907354
      3.0883361
      3.0926452
      3.0965102
      3.0928445
      3.0897688
      3.0889757
      3.0850304
      3.0901380
      3.0872056
      3.0861878
      3.0814868
      3.0829407
      3.0862504
      3.0816352
      3.0786885
      3.0823989
