      1.8005236
      1.2097504
      1.6424217
     0.96321657
     0.86927375
     0.85651500
     0.74574756
      1.5350577
     0.87383084
      1.1930507
      1.1037670
     0.87027595
      1.5923620
      1.3345513
      1.0489493
      1.2613909
      1.0645778
      2.1190420
     0.59319093
      1.8604118
      1.4383799
     0.61045878
      1.1888349
     0.69928097
     0.53132922
      1.5165984
      1.2013101
      1.0103654
      1.1362144
      2.1725558
      1.6516209
     0.62593829
      1.0820653
      1.0994807
     0.76372456
      2.0477918
      1.0134275
     0.91787476
      1.4933671
     0.75459889
     0.82779880
     0.83960833
      1.2660547
     0.85112359
     0.60170337
      1.0307186
     0.59473523
     0.86881011
     0.95184062
      1.3633947
