      1.4524152
     0.69290274
     0.92623052
      1.8767789
      2.4227041
     0.75149673
      1.1885421
     0.90055757
     0.75074015
      1.4127882
     0.65766787
     0.74266134
      1.6544085
     0.92712667
      1.2848831
      1.4937503
     0.92430038
     0.88747786
     0.70556019
     0.65581104
      1.3188040
      1.1324017
      1.0792738
      1.1045145
      1.0896473
     0.64421213
      1.2746673
      1.0407256
      1.4415791
      1.0135243
      1.3333760
     0.71581666
     0.41154120
      1.7304032
      2.3561097
      1.3566236
     0.27059126
     0.85672438
      1.7178853
      1.0488873
     0.63077043
      1.2114255
     0.94674178
     0.92871995
     0.87211812
      1.7944176
      2.1979699
      2.2525328
      1.4686298
      1.2762249
