     0.66502970
      2.2901353
      1.2724243
      1.8081127
      2.6726871
     0.61644709
     0.23320573
      1.7798605
     0.48738133
      1.5844078
     0.80715095
      1.4035201
      1.0986695
     0.73363671
      2.0872760
      1.9718691
      1.3281630
      1.9027069
      1.5351087
      1.7148884
     0.94329346
     0.96702055
     0.51207228
      1.1266925
      1.5996989
      1.2824720
     0.65750587
     0.68830145
      1.8158408
      1.1294596
     0.30128120
     0.61011399
      1.0808237
     0.68489343
      1.1152959
      2.1782737
     0.90722086
     0.94918654
     0.66455589
     0.81781120
     0.68272961
      1.5596266
     0.96393868
      1.4302474
      1.3144866
     0.38817863
      1.4312348
     0.84375105
     0.25688187
      1.4828479
