     0.79845017
      1.2231362
      2.8696130
     0.37752243
      1.8316292
     0.76212055
     0.85868117
      1.2333265
      1.3881881
     0.84297353
     0.68416743
     0.56324981
      2.2538657
     0.77089727
     0.37931360
     0.82901340
      1.0921810
     0.64136562
     0.70256240
     0.95594154
     0.72268894
      1.4250127
      1.8293627
     0.83545428
      1.2009374
      1.2852893
     0.27595198
     0.92863658
     0.82495309
     0.60605869
      1.7323989
     0.59239310
      1.5015786
      1.9065727
      1.4776157
     0.77457733
     0.62056762
     0.71818161
     0.59843584
      2.1292374
     0.48751391
      1.1057200
     0.85617436
     0.62293919
      1.5805181
      1.7247138
      1.7339639
     0.31351263
      2.5466918
      1.0499651
