      1.1434293
      1.2616573
     0.70542431
      1.4861827
      2.1908370
      1.5794273
      1.6853381
      1.2392839
      2.1714642
      1.4685179
      1.2971437
      1.5773006
      1.6473093
      1.7752712
      1.3529208
      1.6131789
      1.3705389
     0.37190759
      1.2044606
      1.3801160
     0.88357036
     0.36525217
      1.5092893
     0.71981012
      1.6393970
     0.98511039
      1.4588682
      1.5016541
     0.49798372
     0.52727611
     0.21753744
     0.67178010
      1.3158179
     0.97944904
     0.83008544
      1.0173707
      1.1596989
      2.1983480
     0.92656841
     0.28877122
      1.7034505
     0.78530134
     0.89675042
      1.2747223
     0.69789502
     0.68667464
      1.2555851
     0.90934585
      1.5283120
     0.91243374
