     0.61212415
      1.2181188
      1.0074475
     0.99902211
     0.79029918
     0.32922731
      2.0198500
     0.87285022
      1.7686896
      1.4413708
      1.2491695
      1.0451371
      1.6222312
      1.2049351
     0.61552138
      1.5449422
      1.0110554
     0.35506091
      1.2993930
      1.3254107
      1.4897248
      2.0860244
      1.0414676
     0.41425418
      1.1265854
     0.96366694
     0.94849271
      1.3826771
      1.0714607
      1.4014456
     0.78058812
      1.0950782
      1.8336420
     0.63310697
     0.84970807
      1.4591644
     0.99999407
     0.48102749
      1.8695934
      1.1453615
     0.88871379
      1.7809555
     0.55009175
      1.0048199
      1.1451709
     0.76005118
     0.70003204
      1.3482254
     0.86856124
      1.7432986
