     0.89575444
      1.3364870
     0.71305267
      1.8962375
      1.9662990
      1.2723725
     0.92769956
     0.93490264
      2.7769703
      1.3730111
     0.61903740
      1.8002746
      1.2673559
      1.9005875
     0.54368011
     0.86374641
      1.5068644
     0.57299212
      1.4212656
      1.7589724
     0.70444270
      1.4198723
      1.3895454
      1.6195709
      1.3840984
      1.9255467
     0.80529919
     0.70492999
      1.9825198
     0.92687694
     0.97071887
     0.75646275
     0.63391708
      1.5479504
      1.2689581
      2.0408867
      1.6313882
     0.58745181
      2.0102086
     0.60843995
     0.47286971
     0.15357821
      1.2625534
      1.2891685
     0.20113188
      1.0654080
      1.5246784
      1.5222967
      2.0112305
      1.7944231
