      1.1176260
      1.3253894
     0.71628726
      1.5019449
      1.6679519
      1.0747743
     0.86802321
      1.1391259
      1.4949307
      1.6297590
      2.4145352
      1.5603162
     0.87612534
      1.2849108
     0.99828181
     0.23732787
     0.26970179
      1.8547267
      1.1808192
      1.6105974
      1.0299685
     0.98994704
      1.3823007
      1.1042173
      1.7982047
      1.7246709
      1.2776836
      1.6930487
      1.5163633
      1.1040896
      2.1520168
      1.3603435
     0.95816717
      1.3649430
      1.3429289
      1.2172035
      1.3524575
      1.2024058
     0.87794896
      1.2762637
     0.64311992
     0.77823941
      1.6394995
      1.4837851
      2.0219364
     0.47832507
     0.61932585
     0.65586425
      2.0519749
      1.0863626
