     0.83162728
      1.3772216
      1.2099289
     0.42678171
     0.59775899
      2.4424885
      2.3333983
      1.0039918
     0.47751339
     0.21818354
     0.88039472
      1.4403001
      1.2260811
      1.5815481
     0.79502476
      1.7355991
      2.0996946
     0.94920187
      1.9631385
      1.1992699
      2.8342631
      1.3311997
      1.1748912
      1.3882401
      1.0899611
      1.2165077
      1.0283903
      1.2468975
      1.5084268
     0.62303670
     0.90234693
      1.3924720
      1.4878612
      1.9748150
      1.1342189
     0.82817197
      2.1523839
      1.5051520
     0.77733841
     0.83862951
      1.0510348
      1.0931162
     0.48416277
      1.0127105
      1.2882848
      1.7537080
     0.94356287
      1.0725305
      1.5418756
     0.53131424
