     0.76034680
     0.70677713
      1.0134992
      1.0215016
      1.6003116
      1.3785009
     0.93003882
      1.6809456
      1.3938957
     0.83943289
     0.95989427
     0.92445908
     0.60944217
      1.5537226
     0.38042051
      1.3388074
     0.89441202
      1.1709784
     0.29534743
     0.62350706
     0.53294986
      1.5337878
     0.68702645
      1.5527961
      2.1171269
      1.9521172
     0.61973402
      1.2521027
      1.4292056
     0.60194178
      1.8703330
      1.5274250
     0.37640029
      1.1565490
      1.1769628
     0.67947290
     0.35699595
      1.4081678
      1.1100898
      1.0119144
      1.4059738
      1.2402925
     0.88569122
      2.1312628
      1.1522644
      1.0316103
      1.4936800
      1.6979540
      1.0781646
      1.1962512
