      2.7276446
     0.86447807
      1.2180384
     0.92933287
      1.2845237
     0.48195164
     0.82972251
      1.2781243
      1.5208980
      1.4956353
      1.2203727
      2.0959692
      1.0717092
      1.2980806
      1.5389226
     0.99599985
      1.9003633
      2.6441890
      2.2109772
     0.85958681
      1.2926048
      1.8649569
      1.1440974
      1.3188317
      2.4157161
     0.51666024
     0.74806157
     0.97008883
      1.2573444
      1.3792317
     0.77238727
      1.7835548
      1.3649119
      2.2355347
      2.4400702
     0.82620287
      1.1957001
      1.1108708
      1.1218849
     0.82463265
      1.6360855
     0.84022708
      1.5970534
      1.7022848
      1.7340754
      1.2126755
     0.91613103
     0.70935068
      1.0062311
      1.7696315
