      1.4228260
      1.5764911
     0.70370736
     0.91840237
      1.8895834
     0.97609961
      1.2460516
     0.96197862
     0.93798208
      1.0576774
      1.1655145
     0.74058431
      2.8945316
      1.3875204
     0.23348235
      1.3473478
     0.82836811
      1.1364282
      1.3808316
     0.73836188
      1.2493577
     0.76571052
     0.97828667
      1.7076752
     0.86478609
      1.2661764
      1.4307880
      1.6102286
      1.3078680
     0.66705982
      1.4198572
     0.95330598
      1.6162126
      1.0291233
     0.89552243
      2.1089158
      1.1902605
     0.52764183
      1.2452341
      1.4989349
      1.7642249
      1.2991609
      1.3298320
      2.3488456
      1.6449957
      1.4174041
      1.2067945
      1.2702772
      1.9356035
      1.3602367
