     0.92174849
      1.5956660
      1.0197074
      1.6659695
     0.84569886
     0.51540662
     0.95612931
      1.3868847
     0.88539442
     0.80939140
      1.6467906
      2.3813335
      1.9479197
      1.2619303
     0.48044560
     0.19493259
     0.82741485
     0.42233148
      1.4351018
      1.1308928
      1.0243392
      1.0454561
      1.1072728
     0.76475532
     0.58594511
      1.1850142
      2.1270842
     0.93900023
      1.6828682
      1.0072599
      1.6006515
      2.2641033
      1.4417582
      1.2094210
      1.2595650
      1.0244216
      1.2338804
      1.5491106
      1.9482472
     0.69239448
      1.4324496
     0.22314354
      1.5711916
     0.88466324
      1.6726621
     0.80783964
      1.2936910
      2.1031936
     0.63324123
      1.3270804
