      1.6334358
      1.0403090
     0.69772398
     0.92602066
      1.3657024
      1.5241298
     0.86281060
      1.6594324
     0.54806242
      1.3979761
      1.1003351
      1.0333138
     0.76061089
      1.5959985
      1.2097771
      1.2003086
      1.7442788
     0.94096374
      1.7536917
      1.4136244
     0.58927972
      1.8140131
      1.1217403
      1.1434965
      1.2859397
      1.5275261
      2.3111253
      1.4435897
     0.87194300
      1.4308175
     0.74063799
      1.6991634
     0.44120857
      1.3307206
     0.86816625
      1.0284375
     0.93469247
      1.4525313
     0.33871261
      1.7518113
     0.82099560
      1.4567821
      1.6636519
      1.0667583
      1.3575679
      2.1198990
      1.1383222
     0.97803084
      1.5693608
     0.87721034
