     0.53370364
      1.2632448
      1.1625681
      1.1945598
      1.4719215
      1.0774854
      1.2586116
     0.77041934
      1.5075148
      1.0865383
      1.1796921
      1.5182672
     0.47488236
      2.0405975
      1.0786034
      1.4155578
      1.8619683
     0.28038713
     0.97608397
      1.5064983
     0.45531899
      1.1464064
      1.8007046
      1.4681470
      1.2614525
      1.7580081
     0.75949625
      1.1324015
     0.42060021
     0.50582442
     0.59965828
      1.0528173
      1.5075381
      1.4723282
     0.53832981
      1.3011404
      1.2987961
      1.4704037
      1.7148615
     0.94735708
      1.9290776
     0.55977201
      2.6379935
      2.0116789
     0.91230973
      1.1460683
      1.8178273
     0.65598534
     0.91258990
      1.5691168
