     0.23749732
      1.9274474
      1.9285095
     0.84321193
      1.0031964
     0.64274671
     0.97084045
     0.26909863
     0.94091685
      1.3645920
     0.83736367
      1.0605449
     0.45929625
     0.56725279
      1.8417466
      1.7785499
     0.59636775
      1.3564852
     0.84457540
     0.53686088
      1.6294899
      2.1670385
      1.5510089
     0.44787728
      1.3846739
     0.79554079
     0.43688390
      1.7453960
      2.0987922
     0.72095906
      1.2149601
     0.46213117
     0.42651082
      1.4761970
      1.4532649
      2.2031061
      1.6977486
      1.6293428
     0.75788176
     0.76751843
     0.94775361
     0.96694081
      1.2096956
      2.0610114
      1.8522617
      1.7329157
      1.9625922
      2.1096791
      1.5070715
      1.1125964
