     0.64791256
     0.37041153
      1.8575524
      1.8417815
      1.1991208
      1.1885596
     0.99387862
      1.3306927
      1.5011894
      1.2100628
     0.92799386
     0.65742019
      1.7211078
      1.5701843
     0.75868423
     0.43822956
     0.62960938
      1.1966426
     0.79679939
      1.1242942
     0.69701738
      1.3459924
      2.2894544
      1.6266980
      1.6371798
      1.9663787
      1.3210943
      1.0346764
     0.51118286
      1.5550124
     0.82134706
     0.66970591
      1.9092383
      1.0753991
      1.4438741
      1.1979732
      1.1913396
      1.3101672
     0.90496559
      1.2416701
      2.1345214
      1.0451619
      1.7460125
     0.47305787
      1.9500632
      1.9494898
      1.3573659
     0.89602016
      1.0671123
     0.99803225
