      1.1819411
      1.3893589
     0.96863311
      1.3651334
      1.0492083
      1.6971708
      1.4833108
      1.2521444
     0.68609701
      1.0526114
     0.98348799
     0.89023474
      1.1978887
     0.47302643
     0.88169297
     0.99402773
      1.1636174
      1.6441558
     0.22948566
     0.33897319
     0.85274846
     0.66473662
      1.8902073
      1.8669414
      1.4824843
     0.80660178
      1.1653176
     0.93700006
     0.96022287
     0.88922850
      1.2558608
      1.6338324
      1.5996102
     0.39982535
     0.74868495
     0.67324949
      1.8969686
     0.81525317
     0.57771499
      1.6831242
      1.3183618
      1.0983103
      2.4982112
      2.1312891
     0.41908377
     0.58095849
      1.4841576
      1.5544883
      1.8400901
      1.1560326
