      1.9004348
     0.48837319
     0.89527104
      1.6661277
     0.56854775
      1.2644234
      2.0515821
      1.6577324
      1.5556924
     0.60985783
     0.81101759
      1.1928731
      1.3355346
      1.1846103
      1.3294087
      1.0769122
      1.9105519
      2.0157808
      1.4358328
      1.3553566
      1.2517403
      1.4430664
      2.3450989
      1.2138243
     0.55399042
      1.3753359
     0.72858836
      2.1082455
     0.59099650
      1.6323633
      1.9645856
     0.84174027
      1.2262083
      2.3646949
      1.7727722
     0.89784583
     0.48028920
      1.9403377
     0.57009670
      2.3118817
      2.1612081
      1.0498731
      1.3308479
      1.0888474
      1.8894918
      1.3285779
     0.47581998
     0.18611706
      1.4536074
      1.3369671
