     0.80471017
      1.6083269
     0.58119111
     0.86932052
      1.6269210
     0.91505695
     0.95918321
      1.7597709
      1.7151676
      2.0517356
      1.6640849
      1.5183051
      1.2847350
     0.81838516
     0.91685847
      1.2328340
      1.8491772
      1.1480503
      1.2031983
     0.95168773
      1.4848386
     0.59615884
     0.93217922
     0.37438357
     0.90680604
     0.87051566
      1.2445833
     0.76017844
      1.3837675
      1.5803439
      1.2022171
      1.8994880
     0.52945209
      1.7663376
     0.63496412
      1.9254918
     0.53100937
      1.0633154
      1.2697336
     0.90279028
     0.92471804
      1.1753760
      1.4321629
      2.3040025
     0.55693118
     0.71695407
     0.60534085
      1.5784002
     0.97845872
     0.77389781
