     0.64492306
     0.31591273
      1.1698174
      1.4122552
      1.0334908
      1.2142864
     0.32173897
     0.56653790
     0.66566752
      1.3517894
      1.1573768
     0.51787975
     0.63333997
     0.73250670
      1.6325412
      1.2193254
      1.0037578
      1.2745983
      1.5342979
      1.7055476
     0.40516469
      1.4875929
      2.2398523
     0.97127962
      1.3889794
      1.8527956
     0.49166883
      1.2054301
     0.81066905
     0.58296170
     0.44267713
      1.1397550
     0.67403700
     0.80635164
      1.5017960
     0.58532807
     0.71859836
      1.4329571
      1.2731207
      2.3445586
     0.53912438
      1.0716010
      1.1734811
      1.4122771
      1.4500039
     0.71744609
      1.8069933
      1.6648138
     0.85394983
     0.47483614
