      1.4553447
     0.82073989
     0.65092279
     0.33996944
      1.0639558
     0.67480415
     0.88447027
     0.44148363
     0.94529724
     0.56507013
      1.5018504
      1.5214263
      1.2666732
      1.2515465
      1.2854155
      1.1328204
     0.55744104
     0.67883324
      1.3235842
     0.96532949
      1.5816576
      2.3190374
      1.2342114
      2.3231124
      1.5238459
     0.42284187
      1.4059309
      1.2288861
      1.2943239
      1.8275342
      1.5182588
      1.5941592
     0.75132889
      1.0030337
      1.1279359
      1.5181029
      2.1007773
      1.9005222
      1.1240187
      1.1978108
     0.91598816
     0.73301365
      2.1755446
     0.88502741
      1.5469013
      1.9547026
      1.8679451
      1.5936227
      1.2374345
      1.2074377
