      1.1801584
     0.92298478
      1.4719185
      1.1548387
     0.80528787
      1.2112757
      1.9163049
     0.91854908
      1.3045299
      1.3523597
     0.54241163
      1.3343588
     0.71353958
      1.3471730
     0.53600038
      1.2474710
     0.81314890
      1.5938294
     0.33075167
      1.0092374
      1.3495195
     0.47350297
      2.2448979
      1.6234232
      1.8300482
      1.1487797
     0.96547397
     0.90285598
      1.7811383
      1.0363638
     0.87957602
      1.0977693
      1.4698081
     0.85894434
      1.4541990
      1.0234501
     0.65418801
      1.7533045
      1.3515535
      2.4375519
      1.2979416
      1.2921872
      1.1167541
      2.6856284
      1.3207350
     0.93457910
     0.83896977
      1.7575700
     0.86976180
     0.64546462
