     0.98107048
      1.4675549
     0.63745858
      1.6403216
      1.0694458
      1.4384915
      1.0653194
     0.55595695
      1.3946264
      1.1549017
     0.84084290
      1.3645250
     0.74126701
      1.0965209
      1.9771980
     0.38660347
     0.66222393
      2.1765421
      1.7004330
     0.90523037
     0.77313391
     0.66412605
      1.9290915
      1.5065173
      1.9460040
      1.9475151
     0.82696325
      1.6866815
      1.7713511
      1.5404459
      1.0160312
      1.5170277
     0.70508264
      1.5293745
      1.2087061
     0.59187035
      1.9664973
      1.7294360
     0.52523716
      1.2354297
      1.2686563
      1.9730270
     0.77011787
     0.92519180
      1.4999882
     0.41460796
     0.94043273
     0.38046681
      2.5424470
     0.33360415
