      2.1400142
     0.88228267
     0.34637117
      1.1030576
     0.50443994
      1.1067108
      1.1932114
      1.0205241
      2.9412443
     0.85440670
     0.85527351
     0.91670513
     0.35145685
      1.5295482
      1.7445409
     0.67081623
     0.97880740
      1.1259733
     0.68409586
     0.73315326
      1.8904977
      1.1201319
      1.4682284
      1.0421474
     0.68566159
      1.5822646
      2.0392008
      2.1353240
      1.4002791
      1.3548332
     0.52176326
      1.0583525
     0.97682710
      1.2314346
      1.3599438
     0.62054493
     0.70192607
      1.0683186
     0.89113089
     0.90717636
     0.92174237
      2.7667424
      1.8082280
     0.30934396
      2.2934004
      1.0667250
      2.0805930
    0.070574515
     0.94672813
     0.41152014
