      1.1492373
     0.99689445
      1.0312343
     0.71575749
     0.73371506
     0.66508155
      1.7350870
      1.4643339
      1.8409951
     0.74717756
     0.95460790
     0.89304731
      1.8279429
      1.5732390
      1.8393871
      1.5197119
      1.5999144
     0.82437963
      1.1412233
     0.52420997
      1.0579711
      1.1545252
     0.98923226
     0.68836754
      1.7792913
      1.7980776
      1.9754576
      1.2526629
      1.4736559
      1.0661853
      1.5799277
      1.1729621
      1.9834776
     0.59976582
      1.1440630
     0.59235642
      1.3277095
     0.91934762
      1.9211177
      1.3453589
      1.4511316
      1.1562088
      1.2814025
      1.4635937
      1.3084061
      1.2406470
     0.64996025
      2.0476936
      1.2802121
      2.1529588
