      1.0707563
      1.1957039
      1.4641801
      1.5239662
      1.4554230
     0.58556672
      1.0724582
     0.49828085
      1.5927285
      2.0529368
      1.0910156
      1.3074664
      1.2320685
     0.61286772
      1.1258760
     0.71651045
     0.69149415
      1.6921395
      1.0079803
     0.85617844
      1.5339704
      1.3298731
     0.93590964
      1.3622480
      1.7632340
      1.0619728
     0.88590404
     0.59427561
      1.3369048
      1.1550151
     0.65286620
     0.79155420
      1.9576958
     0.75792860
      1.3326630
     0.98943510
     0.74471297
      1.0437625
     0.63672738
      1.0538836
     0.61590641
      1.0205819
     0.76466833
      1.5603740
     0.83264847
      1.3285779
     0.66499150
      1.6066790
      1.6055164
     0.97242930
