      1.5705787
     0.98099667
      2.1585911
     0.79178899
      1.6697269
      1.5055926
     0.44922809
     0.55726491
      1.1743958
     0.39237316
      1.0301201
     0.89899344
      1.7604322
      1.4991085
      1.4775896
     0.52784699
     0.62700859
      1.4076290
     0.61578761
     0.78397171
      1.0758482
      1.8763119
     0.45448438
     0.82223334
     0.82837716
      1.8278884
     0.80223838
     0.67566521
      2.5257972
      1.6598723
      1.2976962
      1.3251862
      1.1639094
      1.1322082
      1.8543633
      1.7926617
      2.4369491
     0.71520102
      1.6124110
      2.4754087
      1.3160335
      1.2150835
      1.0223000
     0.78637670
     0.99337849
     0.68396986
      1.6812823
     0.19501232
      1.1045914
     0.96513737
