      1.0082376
      1.6157772
      1.6833894
     0.25046124
      1.0961046
      1.6163224
      1.2402916
      1.8505259
      1.1512637
      1.4158822
      1.1632417
     0.37020001
      1.1465572
      1.0511606
      2.6377602
     0.98003396
     0.73323891
      2.4200242
     0.48567764
      1.6266732
     0.50155187
      1.5904347
     0.92632334
     0.76450479
      1.8974572
     0.60813032
      1.4084834
      1.3831718
     0.97330845
      1.2227816
      1.5212809
     0.76563610
     0.86233728
      1.4196426
      1.3184999
      1.1041353
     0.43148972
      1.9315010
      1.2580089
     0.86572252
      1.8647898
     0.95022444
     0.64245236
     0.67153109
      2.2870810
      2.0318582
      1.9824888
      2.2638112
     0.38651543
     0.64216771
