      2.0910126
     0.91410086
     0.83054472
     0.93482579
      1.5772524
     0.84776953
      1.2675359
     0.87110030
      1.4791078
      1.3826775
      1.3983724
     0.61674766
      1.1113996
      1.8040794
      2.7570478
     0.99225912
      1.0591276
     0.76289669
      1.7800078
      2.1945749
      1.5043518
    0.060642601
     0.71125103
     0.91320880
      1.1147988
     0.44565978
      1.2879844
      1.1004171
      1.0762492
     0.98953895
      1.0779221
     0.93199962
     0.73176712
     0.86424669
     0.64848417
      1.1483020
      1.0245245
      1.5486738
     0.60428972
     0.55270214
      1.8621729
      1.0306131
      1.7482270
     0.90808849
      1.3116306
      1.4528309
      1.8671249
      1.9462962
     0.54009417
      1.9954585
