      1.0738406
     0.38373243
      1.0124655
     0.69725150
     0.79265393
      2.1072668
      1.1942150
     0.58498310
     0.37509832
      1.0786124
      1.6368553
      1.5206049
      1.3650198
      1.8730440
     0.71513588
      1.0883466
      1.3360752
      1.5682007
      1.4128628
     0.77701140
     0.63211761
     0.53411452
      1.5132955
     0.36164467
     0.85939106
      1.0048216
      1.3894785
      1.5115969
     0.45550876
      1.0489737
      1.9523467
      1.8817146
      1.0768905
      1.2754447
     0.79154420
     0.66293447
     0.86978343
     0.59886445
     0.74603022
      2.2490195
      1.5582331
     0.99492616
      1.5644128
      1.8303678
     0.79358554
     0.89192247
      1.1551926
     0.97504385
     0.93234413
     0.67316285
