     0.70771205
     0.74298325
      1.0762942
      1.5579138
      1.2937209
     0.58850165
     0.91103728
      1.6242623
      1.5803426
     0.56368119
     0.67165803
      1.2196970
      1.2801610
      2.1050580
     0.74331024
      1.7152810
      1.4964623
      1.8107959
     0.95161681
      1.0096938
     0.53906687
      2.1163102
     0.96813035
      2.7910335
     0.38570717
     0.48446777
      1.1358834
     0.22442112
      1.2199845
      1.6265149
     0.64408011
     0.94209627
      1.6048326
      1.3995507
      1.0727293
      1.2085268
      1.8064514
      1.1776856
      1.2702886
     0.64102686
      1.0740030
      1.4291633
      1.6609656
     0.69298935
      1.1446467
      1.2442930
      1.1041358
      1.0155319
     0.92795003
     0.60867633
