     0.34737736
     0.82627018
      1.7198990
     0.63288892
      1.3716299
      1.3723382
      1.0376168
     0.81976998
      1.0127665
      1.1773552
     0.27796825
      1.9418917
      1.7611272
      1.2210021
      1.2543182
      1.0836453
      1.5147244
     0.63524036
      1.1221346
     0.58808689
     0.71220231
      1.2196107
     0.51120454
      1.0773341
     0.80845700
     0.75419715
      2.4920501
      1.3845790
     0.98706322
     0.38859572
     0.53363638
     0.79228828
      1.2052660
      1.3304010
      1.1852034
      1.3887978
     0.48725181
      1.3811028
     0.59943039
     0.73511833
      1.8970901
     0.75893570
      1.3927704
     0.95976393
      1.9510487
     0.35759697
      2.1019943
      1.0876148
     0.96160245
      1.3609346
