     0.51230885
      1.2603578
      1.3264520
      1.6548949
      1.9310088
      1.0055697
      1.0802769
      2.0356343
      1.0211815
      1.6310301
      1.3789580
      1.1327210
      1.5773213
      1.3976048
     0.99084044
      1.8282122
      1.5507918
     0.86633244
     0.98461178
      1.3132508
      1.3118861
     0.85641568
      1.4693725
      2.1389253
      1.1074693
      1.3858989
     0.41162566
      1.3136589
      1.7021449
      1.5319702
      2.0894095
     0.53214183
     0.57030392
      1.0487426
     0.61645332
     0.37465482
      1.2800207
     0.68512395
      1.2940736
     0.81587260
     0.67744171
      1.5968398
      2.2338924
      1.2197194
      1.0314956
      1.4652036
     0.39432178
      1.7006095
      1.2498574
     0.98817008
