     0.76910303
      1.6980696
     0.91381786
     0.30476215
      1.2272446
      1.4439711
      1.3837478
     0.75231109
      2.2913021
      1.6899654
      1.2632714
      1.2271427
     0.94321918
     0.56681624
      1.5742337
     0.65773058
     0.88550965
     0.45277133
     0.65579398
     0.81637025
     0.56505613
      1.6467883
      1.6526628
     0.38480650
      1.3439293
     0.87583414
      1.0989969
      1.2106187
      1.2761758
      1.6048953
     0.30887501
     0.59973076
     0.89979305
      1.5343673
     0.52959727
     0.96529039
     0.73378744
      1.0658883
      2.0612382
     0.61102933
      2.0453887
      2.2476295
      1.3966721
     0.75031178
     0.98153572
     0.54891526
      2.1802282
     0.78913216
     0.86021457
     0.56019083
