     0.72164475
     0.80715936
     0.94315226
      1.6457457
      2.3433583
     0.83443082
     0.75873911
     0.84248635
      1.0543397
      2.4750077
      1.9674067
      1.1230530
      1.5416052
      1.8818593
      1.1563751
      1.2943772
     0.17309585
     0.68474544
     0.76181820
      1.2366456
      1.1936535
     0.70913433
     0.70580726
     0.68105405
     0.76682001
      1.0831934
      1.1439117
      2.4227778
      1.1949091
      1.7980006
     0.90203315
      1.5501923
      1.9253988
      1.0522843
      1.4072980
     0.69235469
      1.1803391
     0.64833339
      1.8468775
      2.0744538
      1.2043419
     0.55645876
      1.9592482
      1.1768804
      1.3326240
      1.2299656
      1.2953953
     0.62067714
      1.2472922
      1.0276079
