      1.8326916
     0.91099965
     0.99559692
     0.89811148
      2.0909373
     0.78405833
      1.1327648
      1.0973103
     0.90305306
      1.3539821
     0.97773239
      1.2314155
      1.7159395
      1.4124101
     0.25622335
     0.99808536
     0.27832553
     0.69361529
     0.29423231
      1.1672114
     0.76282579
      1.0452393
     0.95584858
      1.4746384
      1.3925041
     0.76053402
      1.4232977
      1.9076315
      2.0498098
     0.63179275
      2.3070904
      2.1057292
     0.97874373
      1.4055595
      2.0764820
      1.6209722
      1.1543606
      1.2251166
     0.91506459
      1.3620727
      1.0163648
      1.2603610
      2.0254725
      1.6694738
     0.66228394
      1.3124780
     0.35386108
      1.1222844
      1.8034516
      1.2255113
