      1.3824861
      1.1290604
      1.7806936
      1.9883892
     0.83085483
      1.6699908
      2.1581131
      2.0857367
     0.37390853
      1.4525734
      1.2555146
     0.74394400
      1.5402274
      1.3104368
      1.5991493
     0.37541184
      1.5839624
      1.5718081
     0.72257336
      1.1260244
      1.4079946
      1.1826190
     0.98843730
     0.81252224
      1.6443077
      1.1190859
     0.71132100
     0.45611123
      1.6830118
      1.7025513
      1.6758998
      1.0339274
      1.1769480
      1.1695167
     0.96321263
      1.4795667
     0.41114689
     0.79592384
      1.6289463
     0.93828391
     0.83252201
      1.1190864
     0.51010284
     0.73981931
      1.0209521
     0.97596645
      2.6284905
     0.63058396
     0.72303441
     0.81894795
