      1.1690504
      1.7452573
      1.3027123
      1.6209094
      1.0747788
      1.3049518
      2.3052061
     0.86698731
      1.9979467
      1.8098784
     0.99621262
      1.5379370
      1.4970291
     0.89298658
      1.5442474
     0.39852832
      1.1546436
      1.0692975
     0.89577776
      1.5067707
     0.82589029
     0.76447222
     0.48859074
      1.3618599
      1.5098676
     0.87338806
     0.40387685
     0.86039909
      1.3160891
      1.1102818
      1.3211973
      1.1830824
      1.4850044
     0.81373275
      1.6046143
     0.96383867
      1.4325129
     0.53761899
     0.94264130
      1.4623258
     0.96982349
     0.23719089
     0.85701381
      2.4044582
      1.1445020
      1.0441268
      1.9180920
     0.50768906
     0.34677177
      1.4075266
