      1.5586800
      1.8506207
      1.6603186
     0.95931308
      1.5039032
      1.3037817
      1.7859922
      1.1128091
      1.1784270
     0.63730722
     0.78036640
      1.7381257
     0.92397571
     0.18156521
     0.50304978
     0.87780862
     0.61918015
      1.1045803
      1.2141171
      1.3191278
     0.29681442
      1.9452822
      1.4483232
      1.4822080
      1.7454920
     0.73258366
      1.2032892
      1.4146876
     0.85409493
     0.60558876
      1.7435626
      1.6481375
      1.1687722
     0.79352882
     0.74196706
      1.1460927
     0.90925314
     0.85889645
      1.3374158
     0.67837572
      1.8899457
      1.7923990
      1.7002520
     0.98519695
      1.6850200
      1.9420641
      1.5104890
      1.9292606
     0.37528390
     0.78614666
