      1.2837918
     0.80993761
      1.8856333
      1.1825835
     0.98756760
      1.9312252
      1.4556869
      1.7483503
      1.6351559
      1.3322524
     0.95616616
      2.6734626
      2.1279268
      1.1464484
      1.5055163
     0.80100296
     0.86000002
      1.2923527
      1.7643242
      2.0887609
     0.90582522
      1.6791064
     0.23035913
      1.6696116
      1.2577812
     0.99848568
     0.89811840
      1.3448758
     0.52995396
      2.2043875
     0.69250290
      1.3575104
     0.99657391
     0.89708393
     0.48029794
     0.37442503
      2.0293000
      1.1990161
     0.74174808
     0.88255851
     0.92823548
     0.90898337
     0.61528329
      1.3039407
      1.0529023
     0.48195720
     0.82304318
     0.74845226
     0.66174187
      1.6019832
