      1.5721781
     0.71873046
     0.85115822
      2.1190463
     0.70829688
     0.86696524
     0.82496482
     0.91127530
      2.2661465
      1.4128113
     0.75992136
      1.5684650
      1.4905583
      1.5818013
     0.56160266
     0.39903248
     0.88379955
      1.5334037
      1.1023834
      1.6341103
      1.4926472
     0.32660338
     0.70087015
      1.8755275
      1.0743023
     0.92325541
     0.84135999
     0.99080310
      1.4844329
      1.6637722
     0.98166069
      1.2647901
     0.92096549
     0.76987335
      1.0441508
     0.78173156
      1.1906588
     0.86204325
      1.3075139
     0.38728855
      1.1488658
     0.33861977
      1.5722866
      1.0742832
     0.31699779
      1.1585538
      1.8949341
      1.0813759
      1.4878391
     0.34702359
