      2.6639906
     0.63750621
      1.9008860
     0.45112285
      1.3144676
     0.96463869
     0.54790336
     0.85224870
     0.86685548
      1.0098152
      1.3861958
      1.0913901
     0.30009338
      1.5578468
      1.7178238
      1.3258806
      1.6071963
      1.8774564
      1.2372761
      1.1917415
     0.79284892
      1.1829968
      1.8417350
     0.95966018
      1.5208591
      1.8733946
     0.87644715
      1.0189801
      1.5198291
     0.84535124
     0.46587783
      1.6911518
      1.7350013
     0.76640692
     0.78193108
      1.2730886
      1.8392620
      1.3071851
      1.2196862
      1.1849886
     0.69878746
      1.1365007
      2.3007897
     0.98611317
      1.2166605
      1.2133105
      1.0379445
      2.2843860
      1.5544749
      1.4999430
