      1.0844933
     0.71170864
      1.4784806
      1.4389585
      1.0169046
     0.62086192
      1.1181265
      1.2211836
     0.72281587
      1.5664222
      1.1937353
      1.3787976
     0.92882306
     0.84170418
     0.45193245
     0.98816756
      1.4592655
      1.8263325
     0.86233820
     0.61448110
      1.3678114
      1.2288322
     0.16228114
      1.4702590
      1.5556918
     0.99652167
      2.1657132
     0.97378763
      1.4313688
      1.2591504
     0.74557238
     0.51801852
      3.0013401
     0.86789006
      1.4121492
     0.86591407
      1.0830023
      1.2232891
      1.5163835
      1.2568508
     0.81085881
      1.8528976
     0.91286045
     0.98407006
      1.1084020
     0.72171389
     0.68492190
      1.1253545
      1.6875039
      1.3285005
