      1.0461620
     0.50723607
      1.6636268
     0.62879392
     0.58030779
     0.80872564
      2.2794750
     0.96492699
     0.54152524
      1.5655040
      1.3864393
      1.9974485
     0.91894379
      1.1591700
      2.0499736
      1.8861507
      1.6918925
      1.5608095
      2.2123216
     0.84602862
      1.8357458
     0.90080398
      1.7402556
      2.3675468
     0.78949802
      1.2766790
      1.4355172
      1.4917183
      1.1243152
      1.5443804
     0.38403289
     0.84689516
      1.3096378
     0.46251400
      2.1659444
     0.51278155
     0.98991740
     0.32769195
     0.70402408
     0.59378113
      1.7760931
      2.0335187
      1.5330824
     0.66791273
     0.88773548
      1.4332828
      2.1600710
     0.59972025
      1.2811606
     0.54327765
