      1.1306956
     0.90226773
     0.71532004
      1.2863273
     0.87349309
      1.3126616
      1.6824122
      1.0535215
     0.68639158
      1.6842545
     0.99594771
      1.0897468
      1.4221415
     0.84789655
      1.8026477
      1.3676249
      1.3125662
     0.70169066
     0.73037137
      1.0390524
     0.72779367
     0.59142446
      1.3037208
     0.54984977
     0.36568540
      1.5494396
      1.8060432
      2.9391027
      1.3180671
      1.7085506
     0.96088845
     0.88283783
     0.88759577
     0.95366009
     0.93597001
      2.4373385
      1.0035402
      1.4861255
      2.0452493
     0.62523324
     0.74068925
      1.7337207
      1.2459658
     0.40252901
     0.86664220
      1.9379554
      1.0947698
     0.70155926
      1.8349712
      1.7803006
