     0.77092547
      1.8768017
      1.4619056
     0.85403127
      1.3723247
     0.68740951
     0.82922715
      1.0546450
      1.4404442
      1.9067540
     0.59243445
      1.4145379
     0.63713006
      1.1619578
     0.50574285
     0.79087859
      1.2953415
      1.3165139
     0.99297610
      1.0839274
     0.60560211
      1.4757516
      1.6353159
     0.50589101
      1.6159808
      1.4757271
     0.52013429
     0.54526030
     0.88286414
      1.6745674
      1.8164730
     0.93878010
      1.1565409
      1.7025267
     0.88317328
      1.1148504
     0.85149600
     0.89587159
     0.81044723
     0.84611336
      2.2556083
      1.4328877
      1.0044328
     0.70355065
     0.68032721
     0.27909792
      2.0950722
      2.0002347
     0.92457515
     0.50650906
