     0.85338471
      1.3436957
      1.5182367
      1.5979429
     0.87617780
      1.3580245
      2.0462944
      1.4651424
      1.3919715
      1.6908342
      1.1030763
      1.7222215
      1.3219934
      1.2500343
     0.80391645
      1.0838458
     0.49873762
     0.12219374
      1.7308931
     0.68767684
      1.4427147
      1.3716931
     0.83716814
     0.57972666
      1.7144861
      1.7493417
      1.6638094
     0.52571345
     0.88091927
      1.0528453
     0.31338373
      1.5601331
     0.97031230
      2.2906519
      2.3471101
     0.63459564
     0.56211011
     0.72551522
     0.66639047
     0.67431945
     0.90784262
     0.62249374
      1.2292638
      1.6422490
     0.56604577
      1.3972282
      1.0273742
     0.68946643
      1.2292232
      1.3343580
