      1.4481074
      2.1105988
      1.2802210
      1.4215216
     0.76071087
      1.7010094
     0.53015154
     0.29943394
      2.4021346
      1.5534432
     0.45671217
     0.72670893
      1.2351803
      1.4017606
     0.63624597
     0.70481727
     0.72294477
     0.77472576
      1.5418132
     0.85930863
     0.34991845
     0.57061663
     0.61202410
      2.0378789
      1.5997500
     0.84055269
      1.2790419
      1.0244361
      1.0472094
     0.33738946
     0.36769440
      1.3461777
     0.88717328
      1.0901114
     0.69352714
      1.7132121
     0.97354332
      1.8535083
      1.5231681
      1.5732878
     0.96068228
      1.9204499
      1.4317961
      1.3659269
      1.0365665
     0.95682113
      1.2030186
      2.2831477
     0.98085294
      1.0827911
