      1.0765649
     0.99254677
     0.93933990
      1.6958375
      2.1453449
     0.66701524
     0.74423944
      1.8062099
      2.3779752
     0.66495515
      1.5659006
      1.3599613
      1.5775683
      1.1873796
     0.99640862
      2.1294487
     0.59121759
     0.85888695
      1.5240792
     0.93430518
      1.1543099
      2.1156529
      1.3176949
     0.80081867
     0.72658158
      1.8077403
      1.2869952
     0.59557663
     0.41049231
      1.3164769
      1.1266959
      1.0806951
      1.7156262
      1.1762127
      1.2565315
      1.5297960
      1.0479425
      1.1382757
     0.93410304
      1.6221465
     0.28578590
     0.76976873
     0.92754331
      1.0661248
      1.0735332
     0.33887847
      1.1038975
     0.53480508
     0.49589309
     0.76061964
