      1.3783713
      1.0161139
     0.47946944
      1.2419603
      1.0735610
      1.0786716
      1.8601452
     0.73764166
      2.5652261
     0.62482699
     0.67896958
      1.2174841
      1.7989133
     0.55513377
     0.91503821
     0.93868383
      1.6148230
     0.20730344
     0.93765045
      1.4281872
      1.0538840
      1.5047202
      1.1504629
      1.4957790
      1.3149460
      1.9303330
      1.7972208
      1.5512003
      1.7130967
      1.8927584
      1.5673651
     0.98637417
      1.3668606
     0.86915868
      1.7271021
      1.2671637
     0.44993731
      1.5443546
      1.7817959
      1.3739960
      1.7180539
     0.79338341
     0.62009649
      1.3214318
      1.4900439
      1.3660407
      1.2528963
     0.80771970
      1.1338931
      1.1938635
