      1.4657449
      1.3241799
      1.6955851
     0.56169869
     0.37994335
     0.93015542
     0.94107370
     0.51869698
      1.4809668
     0.88669704
      2.1835422
     0.78367306
      1.6098472
     0.49910948
      1.0230577
     0.99479469
     0.76229292
     0.64793324
     0.99650045
      2.2547280
      1.5098885
     0.83788651
     0.56167032
      1.2953349
      1.8643400
      1.6422467
      1.3001714
     0.49309282
      1.4476478
     0.98950462
      1.1998403
      1.7992791
     0.50059519
      1.7047842
     0.68474481
     0.83964134
      1.0215756
      1.1498766
     0.68130711
     0.88059256
      1.3883670
      1.6416051
      1.5387966
     0.53350294
     0.75472938
     0.76493353
     0.70647659
     0.77545393
      1.7287463
     0.61509199
