     0.85742362
      1.2734078
      1.5249505
      1.4243813
      1.0901660
      1.1906792
     0.44926666
      2.0778460
      1.9061772
      2.2455288
    0.077841836
      1.5998302
     0.92612460
     0.63367336
      2.3640026
      1.2013487
      1.1914217
     0.49209091
     0.42062095
     0.65705904
      1.4277989
      1.4220922
      1.4249873
     0.52310627
      1.1557272
      1.2328501
     0.98283596
      1.0705560
      1.6210865
      1.6185478
      1.2140968
      1.8755475
      2.0979123
      1.3018623
     0.34067480
      1.8248000
      1.2541103
      1.7520723
      2.3573399
      1.2600046
     0.75229722
      1.4099395
     0.66573105
     0.66296719
      1.2000289
      1.2310989
     0.99503613
     0.75752759
     0.92278467
      1.2003291
