      1.2957732
      1.9473343
      1.6930141
      1.0336218
     0.93316072
      1.0708268
     0.93224047
      1.0100587
      2.2444928
     0.90254186
      2.5653596
      2.7485341
      1.3956159
     0.86541977
     0.93737436
     0.66178799
      1.7698141
      1.1260672
      1.4145012
      1.1591682
      2.5845633
      1.1764702
     0.69719628
      1.1347155
     0.58457476
     0.64526569
     0.90548506
     0.70224764
      1.4255123
      1.2381513
      1.0003524
      1.8887330
      1.4791146
      1.2329131
      1.6535560
      1.2630146
     0.49881401
     0.97177015
      1.2443700
      1.3980989
      1.7329198
     0.48011831
     0.50033172
      1.3687425
     0.86029893
      1.6109384
      1.2339230
     0.81525185
     0.48521664
      1.5871772
