      1.3000807
      1.8249819
     0.81950062
      1.2242542
      1.1571079
      1.0922288
     0.70669410
      1.6730746
      1.2621475
      1.6024979
     0.61134524
      1.9185906
     0.98433082
      1.5574867
      1.0294149
      1.8482230
      1.6317563
      2.1342774
      1.2729460
     0.58006741
      1.6775781
      1.5745235
      2.3073036
      2.4360042
      1.5821070
      1.4166068
      1.1810014
      2.2304534
     0.79220236
      1.0721424
     0.20150102
      1.5954090
      1.6546913
      1.3553274
     0.41917365
      1.8644949
      1.7170110
     0.79746465
      1.3399334
      1.5962356
      1.3789011
     0.85601214
     0.84378896
      1.6259331
      1.4759781
      1.1155140
     0.80390900
     0.56323219
      1.6844992
     0.89771102
