     0.55040688
     0.79472127
     0.48019332
      1.1544380
      1.1649420
      1.4042062
      1.0391713
      2.1882425
      1.4961275
      1.3812285
      1.0774492
      1.1127969
     0.86323467
      2.0420331
      1.4642733
      1.1575541
      1.9546589
     0.75297923
     0.73480467
     0.69695575
      1.4705021
      1.6750774
     0.48466986
      1.0946840
      1.2264156
     0.86822411
     0.44106077
      2.1482617
      2.0631972
      1.1537998
      1.1852523
     0.91951812
     0.71567641
     0.89872759
      1.6071079
     0.76484759
      1.2720977
      1.4980649
     0.55000813
     0.41589159
     0.44369190
     0.40576718
     0.27785558
      1.5544808
     0.89692030
     0.84301302
      1.4732868
     0.28143591
      1.6898778
     0.88089604
