      1.9016544
      1.5644009
      1.8762879
      1.1507639
      2.3420723
     0.88448820
     0.40036836
      1.5207465
      1.4429238
      1.2364319
     0.55321644
     0.80660613
      1.4900102
      1.0535107
      1.2898115
      2.1482678
     0.91840737
      1.0963166
      1.1088765
      2.1264835
      1.3925029
      1.5836405
     0.92383085
      1.5778317
     0.48709552
     0.78388866
      1.0717101
      1.3019899
      1.3359280
      1.1569675
      1.2159522
      1.5022275
      1.6280030
     0.64093633
      1.9764921
      1.0969163
      1.3648439
      1.3923592
      1.7906587
     0.97458959
     0.66384235
      1.1622660
      1.1862504
     0.82048651
     0.99945435
      1.2035288
     0.89917920
      1.3764708
      1.5597865
     0.39533352
