      1.6928185
      2.4200208
     0.14869859
     0.81758784
      1.2343516
      1.6352775
     0.90918466
      1.1799429
      1.8131834
     0.90022036
      1.9710222
      1.6905034
     0.63027756
      1.2377580
      1.1098806
      1.7786115
      1.9813270
      1.3515857
     0.78230522
      1.0163392
      1.3607669
      1.5579153
     0.65518857
      2.3958357
      1.5450091
      1.7157884
      1.0374262
     0.59149998
      1.4615775
      1.2640015
      1.0529939
     0.52345004
      1.0093021
      1.9279390
      1.2680417
      1.1390680
     0.68980116
      1.1650807
      1.3309387
      1.4978279
     0.81429941
     0.45643073
      1.1490861
      1.3254166
      1.0832189
      1.6680224
      1.1383630
     0.71011666
      1.9516010
      1.1792246
