     0.46317111
      1.5285259
      1.1017942
     0.68165666
     0.80419393
     0.88798386
     0.64959864
      1.1086630
      1.0974260
      1.3399236
     0.52513740
      1.0794787
      1.3346833
      1.6864054
      1.4291147
      2.0098785
     0.47892951
     0.56338300
     0.56126677
      1.5325243
      1.8404973
     0.94995297
      1.2814118
      1.5810451
      1.4099963
      1.1231179
      1.3421207
      1.0599417
      2.3604495
      1.7227158
      1.0760566
      1.3636329
     0.49412474
     0.57822552
      1.4887661
     0.81582959
      1.8812518
      1.2832300
      1.0121625
     0.59097674
      1.6251270
     0.79619343
     0.26644254
     0.95191163
      1.2556603
     0.58753094
     0.73052818
     0.82296708
      1.2134859
      1.0255794
