      2.2419146
      1.7364276
      1.1705564
      1.5453984
      1.3542063
     0.81591309
     0.81900958
      1.8897003
      1.4216906
      1.7973864
     0.98454092
      1.4009293
     0.85834887
      1.1013136
     0.93081525
     0.69581141
      1.8283554
      1.0401137
      1.2291003
     0.27238890
      1.1234474
     0.90551749
      1.2601157
     0.67530593
      1.2766578
      1.5828979
      1.6298021
     0.92743910
     0.93608035
     0.45128337
      1.9943603
      1.2155113
      1.4399364
      2.1642951
     0.74267542
     0.41755246
     0.46515676
     0.48771283
      1.1349479
     0.79243895
      1.2133205
      1.2542027
      1.3992427
     0.91567480
      1.1841654
      1.4209251
     0.75951010
     0.72289894
      1.8324352
     0.67289462
