      1.9900009
      1.3962076
      1.8736148
     0.98586833
     0.99635544
      1.8979374
      1.2403906
      1.6391044
     0.66921282
     0.57108548
      1.2129866
      2.1987060
      1.1154775
      1.7513128
      1.6122950
     0.93312166
      1.1370021
      1.0798724
      1.0825330
      2.0147397
      1.3735513
      1.3897240
      1.0152654
      1.0104959
      2.0343927
      1.7976775
     0.83955028
     0.36055499
      1.4231912
     0.78805741
      1.9359692
     0.54945964
     0.65539499
      1.5492834
     0.85706060
      1.0068627
      1.5379910
      1.2770393
      1.0539643
      1.4775346
      1.1887925
      1.6982680
     0.57122469
      1.7390735
      1.0547597
      1.4559632
      1.0236683
     0.51668058
     0.74372764
     0.52609103
