     0.72551537
      1.2885170
     0.54818215
      1.3884754
     0.67027331
      1.0102081
      1.5975559
      1.3833710
     0.52596033
      1.9855469
      1.7952733
      1.8452988
     0.25938294
     0.73547234
      1.0790645
     0.74522349
      1.4485494
     0.66856717
      1.9301841
      1.3823010
      1.6151738
     0.67103088
      1.0869010
      1.2697172
      1.0456062
     0.50707071
      1.5846171
     0.99092030
      2.0129266
      1.2474539
     0.83461917
     0.39639554
     0.50013080
     0.62739976
      1.1716794
      1.7481696
      1.3507865
      2.1340278
      2.9085008
      1.5312366
     0.83226905
     0.71370651
      1.8544331
      1.5178763
      1.0757462
     0.62951440
      2.7257300
     0.89258352
     0.91987932
      1.4471668
