     0.92256493
     0.76816207
     0.98035292
      1.7915480
      2.0765330
      1.5612465
     0.99028026
      1.0602514
     0.56245337
     0.69346626
      1.2061894
      1.0774055
      1.0102940
     0.72072156
      1.1083362
      1.0051483
      1.5513613
      1.5630078
      1.8889425
     0.99290157
      1.3723537
      1.8212857
      2.2216504
      1.1214253
      1.1759343
      1.0405307
      1.1056386
     0.75841198
      1.4397155
      1.4806239
      1.1115462
     0.82996653
      1.3880230
     0.67477629
     0.77308498
      1.3772566
     0.62460183
      1.3079844
      1.8123520
      1.7058122
      1.1536789
      1.0996413
      1.0998270
      1.1954167
      1.6011221
      2.2692213
      1.6686241
      1.0971662
      1.5204946
      1.1789699
