      1.4229943
      1.4145311
      1.8198621
     0.85007148
     0.80010835
      1.2533542
     0.26049954
     0.57539013
      1.2852055
      2.2202550
     0.82635747
     0.66376890
     0.94406825
     0.72508772
      2.0887735
     0.66181626
     0.60864972
      1.9647297
      1.4148247
     0.32624766
      1.3114605
      1.4142555
     0.70595636
      1.9091010
     0.39171206
      1.1298684
      1.2359732
      1.0266544
      1.1265054
      1.7316877
      1.8954705
      1.2228813
     0.87831867
      1.4837156
      2.2163998
     0.41178096
     0.80325928
      1.5619060
      1.1114794
     0.92101598
      1.5399205
      1.0484544
      1.9828567
      1.0327966
     0.97560533
      2.3456992
      1.0735717
     0.33039323
     0.63520903
     0.55650576
