     0.88231093
      1.1757104
     0.64301917
     0.97174893
      1.2019931
     0.31380982
     0.91889890
      1.2089298
     0.80550249
      1.9481614
     0.97584015
      1.0077545
     0.29622476
      1.4130040
      1.1325224
      1.1385983
      1.5788056
      1.5721191
      1.1757078
     0.62635113
      2.1945650
      1.4192956
      1.5400324
      1.9718756
      1.4850971
      2.5706712
     0.79909105
      1.0767531
     0.78615009
      1.5593331
      2.0853614
      1.1305713
      1.1387996
      1.0283928
     0.68866548
      1.1832529
      1.1886315
      1.7473184
     0.75248781
     0.73218316
      1.1792176
     0.81084114
      1.0340116
      1.4576107
     0.32538786
     0.21715202
     0.44125934
      1.1983152
      1.0601956
     0.81844148
