     0.35988339
     0.33635661
      1.0214160
     0.90795798
      1.1649246
      1.8458327
     0.96961328
     0.97940544
     0.58823845
      2.0263617
      1.1011429
      1.0558618
     0.99879130
      1.2611976
      1.2177053
      1.3692470
      2.2126303
      2.1757370
      1.6638575
      1.4752784
     0.87957560
      2.0578543
     0.54163998
     0.94420264
     0.33812804
      1.4493755
     0.70204741
     0.86305385
      1.0989770
      1.0902280
      1.4182368
      1.6025250
      1.0142981
      1.7308700
     0.84985695
      1.0560018
     0.89731821
      2.1495926
     0.79378338
      1.0999030
      1.5260428
     0.99946157
      1.5705820
      1.8301080
     0.78321960
     0.81919106
     0.97873390
      1.3464186
     0.99382550
      2.0383275
