      1.5186841
      1.1098687
     0.90289717
     0.53947983
     0.60846467
      1.0470013
     0.26380802
      1.3485130
      1.0039714
      1.2765875
     0.88330723
      1.0001249
      2.0242632
     0.83962966
      1.5870474
      1.7180894
      1.3870482
     0.96896183
      1.0137990
      1.2811023
      1.9829899
     0.87897998
      1.5144699
      1.2928983
      1.5434899
     0.89436160
     0.91531608
      1.3230687
      1.0391702
      1.2713150
      1.0106366
     0.87955501
     0.61812067
      1.6678868
     0.83701064
      1.8555916
     0.80678820
     0.84144059
     0.97250866
      1.2414531
      1.5447441
      1.6906423
      1.6957394
      1.4205687
      1.3012411
      1.2202144
     0.32346223
      1.4983534
      1.9321416
      1.5311291
