      1.2918869
      1.4079425
     0.96125456
     0.48888183
      1.8462013
      1.3450119
      1.8570948
      2.5374231
     0.99063676
     0.91653356
     0.75888736
      1.2568136
      2.2809616
      1.0873791
      1.7255513
     0.63951072
     0.42250682
      2.1134967
      1.4317550
      1.7900965
      1.6085728
     0.84636656
      2.0886756
      1.2056765
      1.4913371
     0.15450314
      1.2521715
     0.92515660
      1.1706024
      1.0189569
      1.1023714
     0.39269322
      1.0129672
     0.65986416
      1.0844952
      1.4453367
      1.2902739
     0.92752799
     0.39301926
      1.9146634
     0.75783062
     0.52200249
      1.4597482
     0.45559317
      1.8163678
     0.61205410
      1.2235559
     0.82522203
     0.60900513
      1.0890732
