     0.50498595
      1.3507270
     0.69851774
      1.6624163
      2.0384334
      1.0572477
      1.2124964
     0.58431843
      1.9829533
     0.59929179
      1.6570703
      1.0295938
      1.1250000
      1.3082408
      1.1076122
     0.96352246
      1.1505848
      1.2973624
     0.81140532
      1.0871267
      1.7380074
      1.2655910
      1.4652784
     0.64910241
      1.3685626
     0.54349931
      1.9053725
      2.0290788
      1.2167336
      2.6741059
      2.0199046
      1.1574575
      1.1179387
     0.67371491
     0.70893523
      1.5424280
      1.4417476
     0.73532064
      1.0057894
     0.56684399
     0.92841141
      1.5654203
     0.76939483
      1.4804891
      1.3032675
     0.65256820
      1.6292679
      1.6679125
      1.6905871
      1.0547677
