      1.6379728
     0.80641953
      1.1738024
     0.51011146
     0.99650379
      1.8349090
     0.99636803
      1.7843506
     0.81049896
      1.5005878
     0.82940574
      1.2780892
      1.0677447
     0.83500984
      1.3297756
     0.28901326
     0.74871132
      1.4675676
      1.6379309
     0.93452442
     0.47508020
      1.2228754
      1.3009914
     0.45764127
      1.5236714
      1.7854258
      1.9036383
     0.21663940
      1.5893722
      1.4402152
      1.3715392
      1.1406139
      1.8028701
      1.9787330
      1.9970203
      1.0767166
      1.5475733
      1.4635136
     0.31725529
      1.8569472
     0.47333869
     0.99196375
      1.4063421
     0.58775194
      1.9489164
      2.0188875
      1.4928223
      1.3575102
     0.75863723
      1.4616726
