      1.2310696
      1.7673927
      1.4563515
      1.3791300
      1.2247090
      1.8604046
      1.3298136
      1.3361115
     0.83126659
     0.92665183
      1.5914340
      1.1371749
      1.1441089
     0.68473253
     0.35091561
     0.70678773
      1.3794405
     0.93309967
      1.1292889
     0.67745728
     0.83636592
      2.0776125
     0.49029560
      1.0012297
      1.0698879
     0.75416584
      1.7216852
      2.1731820
      2.0807714
     0.97633674
      1.2055724
      1.1503844
     0.87882558
      1.4012567
      2.0146107
      1.7185203
      2.1242360
     0.58983965
      1.0131739
      1.7327726
      1.8593051
     0.88604155
     0.74389128
      1.2222733
      1.2918940
     0.74695791
     0.86475492
      1.0689558
      1.4579274
      2.5288356
