      1.4500783
     0.57212253
     0.57249172
      1.1219140
     0.53763662
      1.2189541
      1.1266441
      1.1609791
      2.4318160
      1.7736177
     0.69572743
      2.1834073
     0.29837037
     0.57502198
      1.1130447
      1.3586160
     0.87394882
      1.3934338
      2.0314750
      1.1377892
      1.5856992
      1.2645163
      1.2506179
      1.5691603
      1.6104941
     0.84951700
      1.7856854
     0.62753067
      1.1443651
      1.5597830
     0.61236030
     0.95229244
      1.7282956
     0.79279644
      1.3715550
     0.72598524
     0.96135975
     0.89338868
      1.1504393
     0.98587465
     0.99453257
      1.1843838
      1.0171848
      1.8020836
      1.3367135
      1.5959104
      1.2833935
     0.59100759
     0.23668179
     0.91405491
