      1.6226602
      1.0342580
     0.60273106
     0.85402253
     0.81405574
      1.4338669
      1.5879986
      1.7121633
      1.2409247
     0.56821523
      1.2411755
     0.76164738
      1.3894016
      1.3441840
      1.3512934
      1.3302800
     0.24793094
     0.23136035
      1.5118733
     0.87745474
     0.94028501
      2.5532964
     0.81089389
      1.7340564
      1.8565623
      1.6418105
      1.6747645
      1.0703706
      1.3402325
      1.5669445
     0.15261767
      2.1146543
     0.59943050
     0.85833937
     0.76266728
      1.5993827
     0.82664800
      1.4136335
     0.60559263
     0.29498816
     0.48918823
      1.3055688
      1.0643706
     0.73703987
     0.73046911
     0.85592715
      2.2099331
      1.5919928
      1.2539783
     0.71525602
