      1.7714785
      1.3050564
      1.5236968
     0.45777684
      1.3476713
     0.98730762
      1.5441738
      1.1293503
      1.4827224
     0.31816409
     0.68800394
     0.87949245
     0.76561614
     0.81092071
      1.3603191
      1.5679548
      1.9192725
      2.0033476
      1.7289716
     0.32804388
      1.6171328
     0.83741200
      1.2191420
      1.2255856
     0.77167026
      1.7029031
     0.33750067
     0.97058379
      1.7758408
     0.94141557
     0.97059236
      1.7242318
      1.2384789
     0.86187477
      1.5624033
      1.1147938
     0.70985639
      1.6949688
      1.1921073
     0.46769102
      2.2213345
     0.82597621
     0.61652183
     0.91158887
     0.89788552
      2.1439492
      1.1834196
      1.2633202
      1.2395890
     0.62826663
