     0.97661264
      1.9453232
      1.3260924
     0.90539858
      1.6091806
     0.70146882
     0.93228666
     0.92408167
     0.92351783
     0.82543088
     0.92406728
      1.3552578
     0.91439085
     0.73424639
     0.96981710
      1.5318544
      1.0080602
     0.69706546
     0.26190418
     0.45816955
      1.8807965
      2.1625937
      1.1468773
     0.38012243
      1.3526098
     0.72968468
     0.95322742
      1.2195081
     0.31871514
      1.1794906
      1.2669850
     0.96062347
      1.2136971
      1.3582356
     0.43208534
      1.5341248
      1.8381132
      2.0176115
     0.73008295
     0.48876973
      1.2871083
      1.3545211
      1.2190714
      1.0050608
     0.99497110
     0.49518176
      1.5403516
     0.69761198
      1.9762769
      1.8535785
