      1.3019569
     0.55543792
     0.91085152
      1.8182135
      1.3082169
      1.7649194
     0.99463947
      1.5044376
      1.4948125
      1.1716607
      1.5686239
     0.57763862
     0.91684031
     0.93973315
     0.68200451
      1.7453229
      1.1718278
      1.3439415
     0.57738178
      1.2500266
     0.32290417
     0.72841462
      2.0390113
     0.92426169
     0.92075820
      1.3871982
     0.58425684
      1.6256608
      1.2046733
      1.2319892
      1.6810227
      1.6190183
      1.5416152
      1.0116036
     0.86289301
      1.1849784
      1.5548145
      1.3208766
     0.92702759
      1.7036580
      1.0635246
      1.2208320
     0.85100829
      2.6763274
      1.4200723
     0.49852966
      1.5063466
      1.3966832
     0.74527512
     0.41037794
