      1.4363841
      1.4232239
      2.0509165
     0.63609401
      1.0815166
      1.3245008
      1.0219729
      1.8525446
      1.5285868
     0.84929892
     0.66105936
     0.97442812
      1.6526647
      1.3176322
      1.7153917
      1.0498710
     0.55463967
      1.6600976
     0.47324390
     0.41806413
      1.4357300
      2.5275416
      1.2367019
      1.4283637
      1.4839744
      1.4737162
      1.3787693
     0.79188148
     0.88776427
      1.9395517
      1.0946916
      2.1639986
     0.79157191
      1.2398752
      1.4877190
     0.44167299
      1.3611567
     0.35818987
      1.2509365
      1.4023813
      1.2276697
      1.2648231
      1.0185892
      2.4345568
      1.1021029
      1.3281976
     0.40734464
      1.4135908
     0.69945286
      2.3372810
