     0.99308653
      1.1431537
      1.6868621
      2.0062528
     0.98697030
     0.32431686
      1.7793553
     0.81435429
     0.76474309
     0.70658989
      1.0719211
     0.85237784
      1.5724142
     0.60208337
     0.80599985
      1.4103513
     0.83886886
      1.8031519
     0.49628304
      1.2851526
      1.2263571
     0.17368773
      1.5913615
      1.3667322
      1.4834541
      1.4607114
     0.52815382
      1.2423575
      1.6688588
     0.99581564
     0.67545497
      1.6005131
      1.1171341
     0.65456057
     0.89837712
     0.69217828
      1.3621743
     0.54713471
     0.73741083
      1.3183369
      1.1797707
     0.73192205
      1.5393259
     0.63437457
      1.2279578
      1.0060969
      1.3298406
      1.3972106
      1.2515913
     0.28123449
