     0.63497865
     0.72495268
      2.9180893
      1.0430073
     0.47416172
     0.98694214
     0.43619750
      1.4679495
     0.93643567
      1.4654427
     0.61318881
      1.1657358
      1.2690143
      1.0809320
      1.1947274
      1.4418365
      1.4898032
      1.0339993
      1.1196934
      1.7173115
      1.7780825
     0.96514947
      2.0232478
      1.0041454
     0.55739689
      1.7307594
     0.91917963
     0.97183771
      1.4962212
     0.71826262
      2.2756349
     0.73744706
     0.65115805
      1.9569873
      1.0855880
      1.3708915
      1.5216680
      1.2749317
     0.33549773
      1.6161651
      1.7143546
     0.68890844
      1.4987603
     0.57745667
      1.2747582
     0.74019099
      1.9224122
     0.91990952
      1.4337964
     0.36437321
