     0.82250981
     0.54717758
      1.3142553
     0.75763643
      1.5817521
      1.9495748
      1.1476063
     0.37821733
      1.0484488
     0.98287523
      1.8074371
     0.92076361
     0.67696301
     0.98880410
      1.9861404
      1.0680188
     0.24982554
      1.7397999
     0.98772178
     0.65273294
     0.82197049
      1.1485971
      1.4578562
      1.0901547
      2.0085362
     0.87410120
      1.1434958
      1.6122120
      1.3315438
      1.1671971
      1.2995586
      1.4618125
     0.75455539
      1.5790247
      1.0971857
     0.53078633
      1.3217825
      1.2440564
      1.3542319
      1.5951558
     0.60461161
     0.38625473
      1.4308994
      1.5037585
      1.1961439
      1.3799934
     0.98833605
     0.67903586
      1.2962018
      1.8056195
