      1.0729652
      1.2352775
      2.0611089
     0.66399123
     0.85446531
     0.88601924
      1.0809203
      2.2071211
     0.73695913
      1.1850162
      1.0891017
     0.71301161
      1.1125192
     0.69026866
     0.19774566
     0.53087184
      1.1194507
     0.88082592
      1.4485248
     0.90618583
      1.5039654
     0.90430750
     0.53935807
     0.90214963
      1.6621315
      1.2257900
      1.3658617
     0.86489976
      1.1682485
      1.5375691
     0.86340261
      1.3888692
      1.4719571
      1.3978350
      1.1488539
      2.1926837
      1.1361914
     0.81728307
      1.2601115
     0.96074142
      1.4897409
      1.7083090
      1.5276270
      1.3563776
      1.4920247
      1.1145912
     0.48130740
      1.4263594
     0.89644602
     0.76508339
