     0.93180361
      1.1724973
      1.6271966
      1.5818597
     0.93110445
     0.70002022
     0.77089055
      1.0689590
      1.0054653
      1.4867016
     0.93135190
     0.63717225
     0.61936112
      1.5940174
     0.82843190
      1.1017381
      2.1642035
      1.2781350
      1.7060015
      1.9442387
      1.2415490
      1.4576620
      1.5778155
      1.4910969
     0.99137447
      1.2381145
      2.0996329
      1.0408845
      1.0442581
      1.0466081
     0.88673473
     0.88731630
      1.6891972
      1.2884798
      1.1782091
     0.41884978
      1.7871415
      2.4601257
     0.37783347
      1.6651431
      1.5030856
      1.3897260
     0.85203355
      1.3413779
      1.2031569
      1.9000454
      2.0975340
      2.0231906
      3.0463499
     0.79638502
