      1.0703251
      2.0001917
      1.4833344
     0.92853675
      1.0629782
      1.9840351
      1.0201958
      1.4353923
      1.4415571
      1.5144399
     0.70209100
     0.56361396
      1.0189667
     0.74630638
      1.3167990
      1.5351010
     0.99154359
      1.0257379
     0.98234306
      2.3719178
      1.1183826
      1.4373513
     0.19138774
     0.61752607
     0.94338359
      1.2392667
      1.8525189
     0.70157976
      2.3665609
     0.25532681
     0.48445150
     0.88999926
      1.0278450
     0.61948524
     0.87026880
      1.7235573
     0.59897243
      1.1234512
      1.2187545
      1.2344528
     0.72397537
     0.81609535
      1.5480716
      1.5397667
     0.74378753
      1.8462312
     0.64110657
      2.3880097
     0.93832540
      1.4619648
