      1.0554230
      1.0590863
      1.0786349
     0.48598510
      1.1663603
     0.27287680
     0.75739999
     0.39878502
      1.4523255
      1.0275632
      1.6167005
      2.0295930
     0.97554675
      1.0978547
      1.1582851
     0.81138324
     0.78924631
      1.4496006
      1.0553760
      1.4150780
      2.0229852
     0.49228234
      1.0117161
      1.0875341
      1.0213948
      1.2169292
     0.92492785
      1.4572375
      1.8820442
      1.0824965
     0.55943833
      1.3649188
     0.72588331
      1.2597932
     0.68134458
      1.3763220
      2.0417696
      1.2502414
     0.43271429
      1.2428260
      1.8351082
     0.75449580
      1.5577101
      1.5978734
      1.7652781
     0.23122281
     0.28695187
     0.39632256
     0.34096903
      1.3948635
