      1.7449574
      1.3476997
      1.7748866
      2.2126397
      2.3721129
     0.78904337
      3.2527405
     0.50594696
      1.2017155
      1.4422497
      1.9676840
      1.3411796
     0.78123832
     0.97362970
      1.5422196
      1.3371531
      1.0817511
      1.7648653
     0.82906704
      1.8318515
      1.5212044
      1.7397212
      1.5796211
      1.1592631
      1.2489897
     0.82300237
     0.90812219
      1.0723639
      1.6696655
      1.1542300
      1.2937660
      1.1010026
     0.63360884
     0.26060548
      1.3559140
     0.79791739
     0.67877101
      1.1904229
     0.76238376
      1.9227989
      1.9386092
      1.0120230
      2.2424418
      1.6467681
      1.3262700
     0.83454485
      1.3702382
     0.31649843
     0.92684864
      1.0633132
