      1.5266559
      1.2815614
      1.2545253
      1.6989185
     0.63586841
      1.5453560
     0.75732766
     0.43678831
      1.4608893
      1.8024368
      1.8078966
     0.52114046
      1.5922147
     0.89822537
      1.6921638
      1.9571140
      1.1687229
     0.63854279
      1.6330167
      1.0260822
      1.2739584
      1.0560564
      1.0536609
      1.7739713
     0.94987483
      1.1752120
     0.99089884
     0.74534433
      2.2573272
      2.4268458
     0.54323049
     0.87479977
      1.4790851
      1.1988664
      1.1942993
     0.61108409
      1.8234259
      1.6568504
      1.1728816
      2.1532811
      1.4799531
     0.46266982
      1.4556432
     0.91666133
      1.1714632
     0.70378986
      1.8416954
     0.51206751
      1.1764255
      2.3736996
