      1.0829456
     0.49313442
     0.82409586
     0.94662790
     0.40343677
      1.8335171
      1.2248578
     0.68208075
     0.75952090
      1.0728710
      1.1617087
      1.9182437
     0.81952844
      1.2770130
      1.0133859
     0.93386356
      1.9919721
      1.1223446
     0.57015573
      1.3916619
     0.82385459
     0.42620625
     0.34988797
     0.89994736
      1.3576041
      1.1703438
     0.57627336
      1.0645020
     0.53638782
      1.7109583
      1.5851109
     0.46667886
      2.0817810
      1.7595713
      2.0074572
      1.1899283
      1.3172248
      1.7492574
      1.4979955
      1.6205595
      1.6788505
     0.87206317
      1.4394836
     0.45149528
     0.90038277
      1.0232239
      1.3817516
      3.0445299
      1.2645344
      1.9244456
