      1.9040514
     0.49529171
     0.97871461
      1.0588785
      1.8473963
     0.72579464
      1.9497405
      1.7284667
     0.80878222
      2.2910758
      1.1952650
      1.4706894
      2.3167656
      1.9945578
      1.8293807
      1.0862898
      1.7663740
      2.2679684
     0.72289030
     0.26584971
      1.1702550
      1.0133916
      1.2993183
      2.1910092
     0.64220379
      1.8134731
     0.50988334
     0.91373886
     0.42372562
      1.2218219
      1.5749209
      1.9828440
      1.5272716
      1.3517717
     0.53031530
      1.3238250
     0.42630380
     0.92419638
      1.2257651
     0.71156523
     0.91757115
     0.75386906
      1.3137717
      1.3427401
      1.2971729
     0.58496657
     0.74297997
     0.88563411
      1.1396116
     0.72030008
