     0.73209769
      1.7798959
      1.3838200
      1.0882061
      1.5899197
      3.0432679
      1.1061834
     0.52896960
      1.1400912
      1.3671328
      1.4912189
      1.5175512
     0.66552410
      2.1103371
     0.66476636
      1.4496075
     0.58704281
      1.6229516
      1.5270335
     0.42293890
     0.52004983
     0.89078598
      1.4681341
     0.60597433
     0.47555692
     0.46964421
      1.3689909
      1.2412398
     0.97583519
      1.4384090
      1.0086752
      1.0172625
      1.3497563
     0.86822747
     0.59139302
      1.2301043
     0.17774857
      1.5300196
      1.1405494
     0.84403545
     0.55688610
      1.6048674
     0.80511678
      1.5692352
     0.98114562
      1.1944254
      1.4571176
     0.85750101
      1.0810770
     0.95486195
