      2.0462437
      1.2803995
      1.0374159
      1.1063414
      1.9813154
      1.3657530
      1.3777546
      1.7192608
     0.60821551
      1.5240015
      1.4051663
      1.9594135
      1.6208623
      1.2288613
     0.86981580
     0.54930241
      1.6356636
      1.1789270
     0.83122856
     0.44252987
      1.6356989
      1.3280307
     0.32598010
     0.72631589
      1.1971585
      1.0944253
     0.48396817
     0.75198689
      1.0690807
     0.86786922
      1.0158056
     0.80873762
     0.95733564
      1.6051936
     0.12707546
      1.6232174
      1.7946760
      1.0727832
      1.2767773
     0.57875832
      1.6683537
     0.86900961
      1.9079673
      1.5467044
      1.2818222
     0.87954879
      1.1458360
      1.2715826
      1.2455921
     0.57502594
