      1.0432850
      1.0351671
      1.1825194
      1.0803693
      1.6690245
      1.2708929
      1.1968176
     0.76237142
     0.79082461
     0.95400467
     0.54517833
      1.5170959
      1.1256655
      2.0421501
     0.57463714
      1.3330103
     0.89998825
      2.0648974
     0.62997137
     0.73861302
      1.4104442
     0.63376580
      1.2776417
      1.5775180
      2.0735124
      1.1980112
      1.3206757
     0.38121205
      1.3133192
      1.3550217
     0.91763712
     0.58998034
      1.5382956
      1.4921430
     0.95171990
      1.5779387
     0.54813053
     0.61143132
      1.8198837
      1.0029380
      1.2876273
     0.64590952
      1.0743676
      1.7883568
     0.61687595
      1.3874125
      1.2603835
     0.16787484
      1.1957408
      1.0685743
