      1.0175753
      1.7398960
      1.3902531
      1.2480820
      1.2649638
      1.3630947
      1.1858414
     0.70713894
     0.65328272
      1.1764666
      1.6887987
     0.90571929
     0.86278067
      1.3346901
      1.6542627
     0.57803015
      1.9330603
     0.59333953
     0.53787375
     0.89454620
     0.61692576
      1.8116217
      1.0708282
      1.4474818
      1.7023274
      1.1452261
      1.5610972
      1.0719103
     0.96035856
      1.4713639
     0.98508509
      1.7145185
      1.8818821
      1.6489886
     0.43380081
      1.2881736
      1.2686460
      1.3217675
     0.52237001
      2.3707555
     0.67521420
     0.80967739
      2.1539985
     0.86894807
      2.0639159
      1.4519843
     0.92669961
      1.0003219
     0.72854254
      1.9381377
