      1.8031500
      1.6800223
      1.1640857
     0.82491892
      1.4862523
     0.62323375
     0.84380255
     0.72584785
     0.78616629
     0.73287117
      1.6719783
      1.5276622
      1.1450884
      1.1455131
      2.2724953
      2.1309675
      1.4783887
      1.8144827
     0.61636674
      1.1184815
     0.85032944
      1.2274297
      1.0107013
      1.0596691
      1.0444081
      1.7881167
     0.79532760
     0.72063439
      2.2500249
     0.51932505
      1.1998859
      1.8756380
      1.1790852
     0.48807145
     0.95216026
      1.3075433
      1.0464593
      1.5366983
      1.2393785
      1.2334084
     0.53984635
      1.7733387
      2.0572926
      1.2790719
     0.91430453
     0.96179671
      1.5938771
     0.71726836
      1.0813822
      1.6425986
