     0.90684378
     0.75067287
     0.92015264
     0.70712637
      1.6248095
      1.4012145
     0.78710165
      1.8511766
      1.1941059
      1.0854884
      1.3564177
      1.0863861
      1.2893659
      1.0734408
      2.1904181
      1.2256502
      1.0636496
      1.5130774
      1.0070266
      2.4677191
     0.98573290
     0.59608974
      1.0560489
      1.0805572
      2.4275485
      1.8265784
      1.0666354
      1.0445161
      1.8800813
     0.78092302
      1.8936276
     0.39047273
      1.5993872
     0.82009523
     0.69526188
      1.4877456
     0.95230561
      1.8867917
      1.3050480
     0.86044448
      2.3869315
      2.1254222
      1.8090191
     0.71429963
      1.2114390
     0.86407814
     0.41112746
      1.2648732
      1.5337808
      1.0805270
