      1.1314122
      1.5622392
      1.8322183
      1.3373516
      1.5544983
      1.2202375
     0.82408584
      2.4879684
     0.65079825
      1.3255350
      1.6731659
      2.2109675
      1.1674665
      1.6462551
     0.92310529
      1.3711637
     0.77654444
      2.0574407
      1.1857133
     0.91979231
      1.1983637
      1.8700652
      1.6455477
     0.48964008
      1.2039674
      1.1691915
     0.50437224
     0.48115910
      1.2917235
      1.0069418
      2.2696484
      1.0180929
     0.80096419
     0.58809644
      2.5543219
      1.9561755
     0.77762025
      2.0507903
      1.1470766
     0.67239989
      1.1756028
     0.81893092
      1.1491319
      1.0575810
     0.44753180
      1.7938738
      1.6251776
      1.7709038
      1.2774219
      1.8386773
