      2.3525281
      1.9889321
     0.65798930
      1.6514752
     0.57548309
      1.7504631
     0.65294816
      1.7925747
     0.50006793
     0.91615510
      1.0232828
     0.33082384
      1.4665056
     0.47394844
      1.9002391
     0.59858648
      1.4205743
     0.85396191
      1.5392355
      1.3893367
     0.98231885
      1.6311596
      1.0824704
     0.97189913
     0.80839944
      2.3259356
      1.2524801
      1.1758184
      1.7832654
     0.91561924
     0.93926023
      2.8235864
     0.65456029
     0.44496282
     0.78846967
      1.1606587
      1.2272783
      1.0804167
      2.0756055
      2.1493906
      1.3320246
      1.3511007
      1.1890458
      1.4089221
      1.7774472
     0.74010329
      1.0969599
      1.6971325
      1.4689817
     0.60318522
