      1.6022745
     0.60865842
      1.7122301
     0.87256214
     0.98917401
      1.3594381
      1.9795882
      1.2614802
     0.77662271
     0.54009355
     0.79057741
      1.5432390
      1.7535253
      1.4624746
      1.2461481
      1.1338377
      2.7301176
      2.3317560
      2.1877492
      1.5718416
      1.1325796
     0.72298945
     0.95155913
      1.2509994
     0.68283551
      1.3129343
      1.2746388
     0.84876072
      2.4669769
      1.5454035
     0.89510799
     0.82248897
      1.0971641
     0.69236401
      1.3112938
      1.1401430
     0.61741455
      1.3655010
     0.65603811
      1.4909973
      1.9238918
     0.98196482
      2.0935097
      1.6043435
      1.2017368
     0.67442872
      1.4233504
      1.7868789
     0.84455826
      1.0522465
