      1.8159678
      1.0288723
      1.0303798
     0.65859194
      1.4710862
      1.7038785
     0.81183116
      1.5039273
     0.89848046
      2.3744056
      1.1453437
     0.58794507
     0.72329586
      2.4558361
      1.4640589
     0.94149950
      1.2691971
     0.21917964
     0.77095918
      1.7198252
     0.61165659
      1.4830801
     0.53550245
      1.5261748
      1.0827956
      1.1379344
     0.86770213
     0.97558389
      1.3328870
      2.0988211
      1.3091479
      1.4506973
      1.3014004
      1.4238316
      2.3634059
     0.74800138
     0.97729196
     0.92952914
      1.8559334
      2.2053361
     0.87577866
     0.47827050
      1.4915002
      1.7275645
     0.83810230
      1.7965077
      1.4753674
     0.43444596
     0.57833702
      1.8536500
