     0.83442353
     0.95970834
      1.0964570
     0.69334805
      1.5878282
      1.1809772
     0.95316849
      2.5090566
      1.6825565
      1.4904706
      1.0871812
     0.66129429
      1.4493193
      1.9737925
      2.4036206
      1.1440995
     0.84796546
      1.5557637
     0.86286193
      1.3839608
      1.6150307
      2.4037720
      2.1380032
      1.6094660
      1.8575678
      2.2215513
      1.2349495
      1.1587787
      1.2531411
      1.7156400
      1.0616602
      1.4751877
     0.84637032
     0.86207116
      1.6046818
     0.62107115
      1.3654355
      1.5762254
      1.0514938
      1.9344344
     0.61151044
      1.4780363
      1.2399004
      1.1676628
      1.9799191
     0.74389717
      2.1254924
      1.5181363
      1.0561484
     0.70876589
