      1.1534380
      1.3999427
      1.5527373
     0.79978692
     0.68102839
      1.9722638
      1.1670036
      1.2586820
      1.7313729
     0.85109612
     0.20922548
     0.15917419
      1.8785188
     0.86664949
      1.3329303
      1.8372283
     0.59146302
      1.2250380
      1.7645337
      1.8589059
     0.56523578
      1.0688348
      1.1535784
      1.0146344
      2.1012665
      1.9695427
      1.4048796
     0.54807305
      1.9075708
     0.98571828
     0.22546118
     0.85004363
      1.0826403
      1.6856174
      1.3509297
      2.2668172
     0.84451125
      1.1095163
      1.5116632
      1.1743773
     0.68246795
      1.6703513
     0.78110206
     0.55384887
      1.3626528
      1.8876229
     0.82803481
     0.40261915
      1.9730688
     0.53332386
