     0.81534487
     0.71059753
      1.3410458
      1.1004981
      1.5537578
     0.83318813
      1.4642646
     0.84624742
      1.1747910
      1.3813284
      1.5350317
      1.2515947
      1.6483447
      1.7583858
     0.47038746
      1.2749250
     0.79027808
      1.9966214
     0.48922834
     0.61844428
     0.52510084
      1.4556513
     0.67710431
      1.0390092
      1.3654646
      1.3283159
      1.0161655
     0.96919551
     0.66101223
      1.3459749
     0.99949863
     0.68581869
      1.8441386
      1.1976795
      1.7526106
      1.1851651
     0.54063893
     0.77984991
     0.71165253
     0.86584665
      1.6100850
      1.2563424
     0.39770476
     0.72553172
     0.88973411
      1.7323444
      1.1671062
     0.49315715
      1.4624842
      1.0684452
