      1.5298476
     0.38592986
      1.0363357
      2.2070960
      1.3143420
      1.0302909
     0.83788905
      1.6160640
      1.0479657
      1.0042443
      1.7041909
      1.6361534
      1.1274428
      1.0618789
     0.70531245
     0.87247605
      1.4301817
      1.6541348
      1.2525453
      1.7523922
     0.63928018
     0.87639464
      1.2951820
     0.82621249
     0.93929149
      1.3518834
     0.72562403
      1.6547157
      1.5272104
     0.28929740
      1.0972953
     0.75819503
      2.0544970
     0.18408941
      1.7213056
      1.3971611
      1.0413385
     0.85893743
      1.8036218
      1.5383799
      1.3820220
      1.0312977
     0.45110369
     0.32945106
     0.75028841
     0.45043040
      1.0418797
     0.51270059
      1.3640398
     0.32990653
