      1.1607124
      1.1335474
     0.48823265
      1.1291344
     0.79014510
     0.95000658
      1.8191746
      1.0323819
     0.41473936
      1.8548549
     0.82256267
      1.7979307
      1.2118892
      1.1893284
     0.91283175
      1.3556250
     0.97313382
      1.5482847
      1.5161953
      1.4230177
     0.79335888
     0.34873844
     0.94956833
      1.3167785
      1.3336315
      1.8579470
     0.45522659
      1.3509673
      1.1659692
     0.88436789
      1.3944393
     0.73868504
      1.5113657
     0.89554718
      1.5491683
      1.1818441
     0.70695678
      1.0827155
     0.63346212
      1.6189862
     0.97595918
      1.7164062
      1.1507103
      1.0445524
      1.3439465
     0.56707884
     0.83363462
     0.86116629
      1.8301117
      1.5361762
