      1.8500243
     0.90045532
     0.70667519
      1.8088849
     0.50918295
     0.88533048
     0.91325509
      1.3440419
     0.97695708
      1.1196499
      1.0255020
      2.2347203
      1.1572435
     0.61844694
      1.1243393
      1.6172288
     0.49369892
     0.88625356
      1.0557558
      1.0018503
      2.1533423
      1.3041482
      1.4034093
      1.5914259
      1.2261155
      1.0139269
      1.9970554
     0.34556631
      1.2452423
      2.1813535
     0.53651734
     0.76054835
     0.88953796
     0.83297832
      1.0313684
      1.3539643
      1.7349753
      1.3813622
      1.1556566
      1.0318154
     0.82726137
      1.5590075
      1.2246458
      1.0415496
     0.77812476
      1.1294218
     0.80348268
     0.99910297
      1.0939832
     0.62007643
