      1.4467981
     0.60756839
      1.5891233
     0.58279897
     0.99621671
     0.79956188
      1.4690736
      1.9178635
     0.98063549
     0.51651467
     0.41631121
      1.0709644
      2.0920994
      1.1851220
     0.45229054
      1.1156472
      1.0211416
     0.76357288
      1.2365294
      1.0357036
     0.30975623
      1.5338390
      1.8257276
      1.9984529
     0.97680557
      1.1638957
      1.2203799
      1.3480344
      1.2662372
      1.1438735
      1.4255000
      2.0524052
     0.43884582
      1.2671017
     0.76756951
      1.8354289
     0.79695094
      1.4024606
     0.97490251
      1.1128533
     0.71785109
      1.9682476
     0.26965459
      1.7780437
     0.39138575
     0.62866149
      1.6924141
     0.83208266
     0.57581526
      1.6067832
