      1.6581913
     0.95044500
      2.1127181
     0.85636554
     0.37760551
     0.70295201
      1.2823676
     0.89389345
     0.38134618
      1.3026383
      1.3911602
      1.4444768
     0.90353571
     0.88392847
      1.1484259
     0.85870792
     0.79470145
      1.4599473
      2.2671152
      1.9330787
      2.3842934
     0.54301317
      1.1220711
      1.4842023
      1.3712356
      1.1157398
     0.66766390
     0.95992884
     0.24380987
      1.0517372
     0.91701389
      1.2970184
      1.4385781
      2.3415886
      1.1491775
     0.47328829
     0.42867346
     0.66176239
      2.3316600
      2.2911306
      1.6433694
     0.96557573
     0.49555211
     0.63437679
      1.5928853
      1.5605522
     0.69625232
      2.4541236
     0.43686448
     0.83956551
