      1.3418647
      1.1930641
     0.98299329
     0.63375933
      1.2915269
      1.2856347
      1.5827229
      1.5821356
      1.1815005
     0.35695359
     0.25851333
     0.80155371
      1.8010930
     0.62713274
      2.0220955
      1.8612320
     0.33478095
      1.4931984
      1.5595428
      1.0872957
      1.1099735
     0.98106391
      1.1630532
      1.2673408
      1.8629305
      1.2991264
     0.54889552
      1.1151385
      1.2704596
      1.9994987
      1.0640146
      1.1481209
     0.79611540
     0.92254373
     0.97000007
      1.6873955
      1.0462024
      1.6835229
     0.79392560
      1.6340010
     0.79871844
      1.0484876
     0.71541603
     0.98603258
      1.5956242
      1.4365181
     0.68806384
      1.7002469
      1.5861945
      1.0182837
