     0.69007720
     0.61404843
     0.58642831
      1.5742623
      1.3354834
      1.1767228
     0.99151283
     0.78587720
      1.6002184
      1.3909009
      1.7818958
     0.66460456
      1.6283309
      1.3396039
      1.0634599
      1.0305308
      1.6138260
      1.2227702
     0.85326819
      1.8267790
      1.1295958
     0.60864975
      1.0121770
     0.99784624
      1.9770520
     0.79477293
      1.8530631
     0.32315552
     0.87311810
      1.4756418
      1.7406547
      1.4999382
     0.96890851
      1.2049254
      2.3596383
     0.81479191
      2.1157916
      1.6386038
     0.88381089
     0.47486729
      1.3700439
     0.78049976
      1.1595745
      1.2636790
      1.6660476
      1.1129529
      1.5622072
      1.9421063
      1.9835930
     0.95920729
