      1.2351293
      1.9315828
      1.7025209
      1.0033988
      1.2268924
     0.69750950
      1.3532723
     0.39880647
     0.92220631
      1.1234724
      1.3866098
     0.37663659
      1.5817699
     0.96982924
     0.61249553
     0.54365032
     0.64960080
     0.84628029
     0.59633935
     0.34326060
     0.56613940
     0.53579156
      1.3989412
      1.7543690
     0.96201227
      1.4057865
     0.34188914
      1.7195054
      2.0465275
      2.1890607
     0.96390753
     0.44441938
      1.0161057
      1.2977674
     0.64480728
      1.0744228
      1.6816016
      1.3567368
      1.5738395
      1.9605999
      1.6545851
     0.93712916
     0.94150131
      1.2771616
     0.85938874
     0.82090926
      1.5213497
      1.4082707
     0.37860020
     0.42404322
