      1.5299779
     0.50355267
     0.71237128
     0.87951815
     0.93928663
     0.74920337
     0.54280183
      1.6811909
      1.1171614
      1.7914094
      1.8820893
      1.8525117
      1.3146853
     0.74240956
     0.71860527
      1.9101857
     0.34232428
     0.88427106
     0.95394126
      1.2415352
     0.63940609
     0.89342786
     0.93914569
      1.8052642
      1.2464476
     0.99704239
      1.5045848
     0.78721490
      2.6333744
      1.1600314
      1.1374989
      2.0928103
      1.3265616
      1.0892570
      1.0564333
      1.3989432
      1.3942345
      1.8534170
      1.0552500
      1.1056010
      1.2065389
      1.8614684
      1.1456356
      1.0800778
     0.18203352
      1.5834921
      1.0954986
      1.6054599
     0.77452977
     0.78934215
