     0.46664679
      1.1372921
      1.7255561
      1.0177660
     0.93647646
     0.69951003
     0.91667812
      1.6138220
     0.62038021
      1.7296174
      1.5246609
     0.90097279
      1.2962524
      1.0255683
     0.41535715
     0.76523273
      1.0903011
      1.5327245
      1.3772168
      1.8405106
      1.1690206
     0.35503634
      1.8678483
      1.0356148
      1.3558042
      1.0244882
      1.0825916
      1.0661663
     0.65110370
      2.0636294
     0.85091661
     0.95162596
     0.44038028
      2.5860112
      1.2535357
      1.0514863
      2.0369506
     0.83276181
      1.9511769
      1.3219699
      1.5193169
      1.0203086
     0.96840641
      2.6043645
      1.3260436
      2.8944331
      1.4937056
     0.83417695
      1.5327477
     0.88220492
