      1.6877389
      1.3054089
      1.6506433
      1.2641779
     0.94886772
      1.2898735
      1.4800697
      1.1735342
     0.57212597
      1.0692593
     0.77432326
      1.7200141
      1.9136606
      1.0401324
     0.49200594
      1.3049229
      1.7601673
     0.83277188
      1.7025835
      1.0836666
      2.1408975
      1.5198953
      1.8661564
     0.61666574
     0.20544205
     0.49842893
      1.3828198
      2.4133571
      1.1220520
     0.63694243
      1.1194159
      1.4582973
      1.1880875
     0.71764007
     0.91855274
      2.1201526
     0.68383116
     0.87886857
      1.4491317
     0.49851483
     0.73177020
      1.2048001
      1.3007510
      1.4687522
      1.6427002
     0.92069201
      1.6021686
     0.80462028
      1.0149742
     0.48889200
