      1.6976848
     0.74544899
      1.3778079
     0.86344203
     0.55370511
     0.15776176
     0.89037475
      1.2927133
     0.95789831
     0.90052875
      1.5818240
      2.1656358
      1.8864857
      1.7969459
     0.92004514
      2.1326072
      1.4275081
      1.3958179
      1.1277207
      1.3211778
      1.1169739
      1.1911615
      1.7050568
      2.1442487
      1.3241279
     0.84982570
      1.1711252
      1.6202887
      1.8163711
      1.1550042
     0.35470184
      2.1975061
      1.4376054
      1.9479906
     0.48720254
      1.3972109
     0.45507062
      1.6049794
      1.9403457
      1.0259904
     0.73326061
      1.0189736
     0.81313979
     0.93136326
     0.79138215
     0.82187915
      2.2533005
     0.90749003
     0.87277103
      1.1167981
