      1.4139050
      1.5599164
      1.4048336
     0.89803902
      1.2306700
     0.12457479
     0.63354766
      1.2817075
      1.1522353
     0.77661108
      1.5035778
     0.73047363
      2.8578770
      1.2440698
      1.6853176
      1.1849386
     0.39481197
      1.7075519
     0.68514773
     0.65455124
      1.9051674
      1.1386904
      1.3088829
     0.94167582
     0.93343701
     0.65694500
     0.23419309
      1.6311810
      1.4715114
      1.6477692
     0.42391851
      1.8494836
      2.2886917
      1.3181221
     0.64222502
      1.7910829
      1.0032281
     0.95923945
     0.29688859
      1.2325103
      1.4767066
     0.62378845
     0.66172613
      1.2332493
      1.2514111
      1.5927484
      1.2608814
      1.5363717
      1.2284621
      1.1472724
