      1.1824420
     0.88202597
      1.5337716
     0.70586665
     0.73992092
     0.95806140
      1.2110036
      1.5316405
     0.66616284
      1.1308691
      2.0665218
      1.2057323
      1.3659674
      1.2193679
      1.0044240
     0.42958361
      2.2449835
      1.8565544
     0.49503456
      1.2577912
     0.93720732
     0.85269732
      1.4917246
     0.83291374
      1.3843375
     0.58098846
     0.92688574
      1.2905959
     0.87688842
     0.91087485
      2.0985748
      1.6582047
     0.36735169
     0.81021429
      1.3546465
     0.74582407
      1.1257276
     0.98376209
      1.2840023
      2.2053763
     0.52342908
      1.1201525
     0.84454199
      1.8423057
      1.2729204
     0.95802284
      1.4622035
      1.3190740
     0.64822295
     0.67218396
