      1.4731454
     0.82041318
      1.2778675
      1.7773982
      1.3008333
      1.0120383
     0.85554486
     0.82526699
      1.2122074
      1.2925375
      1.3083438
     0.96059004
     0.82488281
      2.5338983
      1.0489725
      1.0350664
     0.84367459
     0.78569597
      1.8111005
     0.87967068
      1.1151393
      1.2754680
     0.91960528
      1.1044122
      1.7414737
     0.87006142
     0.80092247
      1.3926804
      2.5716884
     0.46046133
      1.5862650
      1.3684719
     0.73346337
      1.3712384
     0.59152238
      1.3390694
      1.9321551
     0.36668646
      1.0029198
      1.0662378
      1.6457537
      1.0648268
     0.84772127
      2.4888739
      1.7515341
      1.3660126
      1.8012335
      1.2165308
      1.0039919
      1.4933104
