      1.0376046
      1.2886734
      1.5880170
      1.0349629
      1.1432750
      1.5716947
      1.0319526
      1.0035843
      1.2832975
      1.0892103
      1.2122434
     0.94860781
      1.0534128
      1.1717912
      1.3363520
      1.3939470
      1.3522598
      1.2447111
     0.99498279
      1.9986184
      1.3958502
     0.50483278
      2.0870475
      1.2895941
      1.5328298
      1.8557028
      1.1295048
     0.56595936
      1.6193745
      1.3158944
      1.5391031
      2.6235105
     0.71219298
     0.79175812
     0.22686081
     0.98342356
     0.93123233
     0.72578050
      1.9320312
      1.4079520
     0.87746032
     0.38247729
      1.2090326
     0.84021219
     0.58962046
      2.3479540
      1.4465512
      1.8771681
      1.7959487
      1.4103047
