     0.56307505
     0.72802254
     0.97926382
     0.83599075
      1.2883409
      2.5061725
     0.93348729
      1.4252930
     0.43554543
      1.0803866
      1.0039221
      1.0661437
      1.5569552
      1.4011985
     0.97526868
      1.6392040
      2.0500463
     0.59760856
      1.5685700
      1.1435614
     0.90525800
      2.4078415
      1.1094007
      1.4513646
      1.4760256
     0.97367468
      1.3248812
      1.2649753
      1.4069550
      1.3429246
      1.0053506
      1.7545244
      1.9285500
      1.2705958
     0.77388130
      1.7086084
      1.2672271
      1.3673376
      1.8222004
      1.1312513
     0.62332482
     0.36686412
      1.0456817
      1.5059267
      1.4536109
     0.85567289
     0.63334674
     0.48103336
      1.3276072
      2.1038828
