      1.2479036
      1.5771521
     0.76295192
      2.1998401
      1.2985499
     0.58499456
      1.4547026
      1.3935099
     0.82745102
      1.6952453
     0.94962344
      1.7850312
      1.4849013
      1.0276911
      1.6981165
      2.0333080
      1.0041234
      1.2848468
      2.1482911
      1.6315275
     0.58735633
      2.2813459
     0.87372800
      1.2991919
     0.69389404
     0.85323963
     0.73788931
     0.67189941
     0.46927084
     0.59241393
      1.3494178
      1.6838945
      1.5125661
     0.55089370
      2.4489033
      1.2677880
      2.6099341
      1.1705882
      1.6554730
     0.66747224
     0.53401566
      1.1920352
      1.4332479
      1.4880319
     0.73879246
      2.0583171
      1.5174294
     0.88693876
     0.56481576
     0.67038221
