      1.3072439
      2.3539973
     0.94291503
     0.76329429
     0.57699219
      1.2735758
     0.94975950
      1.1399328
      1.9977308
      1.4806405
     0.61260612
      1.3309798
      1.4089210
      1.4830725
      1.6492436
      1.3782297
      1.1317296
      1.6583840
      1.3275589
     0.63436824
      1.0118992
     0.80357013
      1.3045112
      1.6112273
      1.0017930
     0.71826656
      1.5484103
      1.0712803
     0.61275417
     0.54288538
      1.6938757
      1.4702348
     0.63354562
     0.79426132
      1.8550755
      1.6251296
      1.1817210
      1.0111196
     0.47819446
      1.3145002
      1.4983106
     0.94753625
      1.8805037
      1.1544006
     0.83777045
      2.0791747
      1.3464787
      1.3503823
     0.73384527
     0.74253284
