      1.5834360
      1.6373883
     0.73094487
      1.5451594
      1.1924071
      1.3197178
     0.82948398
     0.62295147
     0.93720099
     0.42119079
     0.52855201
      1.3475523
      1.0033036
     0.45302637
      1.8710893
     0.97568907
     0.83493603
      1.8724465
     0.68330114
     0.79487848
     0.93385218
     0.57062978
      2.0216907
      2.0094731
      2.0562687
      2.5341182
      1.2378128
      1.1175062
      1.0708630
      1.1613828
      1.6330614
      1.6965333
      1.2440127
     0.42154547
      1.4964987
      1.1239793
      2.2025429
     0.80856835
      1.0911515
     0.67540203
      1.3312148
      1.1642585
      1.2535946
     0.87337065
     0.80179724
     0.71375346
      1.3569929
     0.85980760
     0.92316693
     0.93385598
