      1.3321542
      1.2932461
     0.97713772
      1.5389603
     0.51934365
      1.5327651
     0.46185888
      1.2740184
     0.85486380
      1.6298034
     0.58501677
     0.58393954
      1.0946072
      1.4308217
      2.6047627
     0.80100543
      1.0785914
      1.7065125
      1.6464938
     0.88063846
     0.70472166
      1.4296652
      1.4242974
      1.2777148
      2.2072205
     0.50569326
      1.2797890
      1.2894204
      1.7813438
     0.62287505
      1.9783032
      1.0377604
      1.5015657
      1.1656302
     0.42812927
      1.8258431
     0.89274674
      1.1840216
      1.3856055
      1.3905341
     0.94947151
      1.0369050
      2.2115668
      1.1304181
     0.70455255
     0.55484395
      1.9493346
      1.7411074
     0.55193264
      1.8350518
