      2.4239297
      1.1501151
      1.1505922
      1.8311865
      1.0246594
      1.6744206
     0.42533671
      1.5002611
      2.1641228
      1.1025630
     0.82964988
      1.4618442
      2.1324272
     0.59123686
      1.0051609
      1.4148509
      1.6110710
     0.50800722
     0.79539531
      1.9930330
      1.1718350
     0.96702629
      1.2437553
     0.52840863
     0.73135699
      1.3424850
      1.1985621
     0.40382440
     0.91435470
      1.5484624
      2.0636050
      1.5811862
     0.99486906
      1.2269246
     0.62395077
     0.89420451
     0.60792205
     0.43667589
      1.2389052
      1.0084595
      1.2138132
     0.60005715
      1.3711393
      1.3724390
     0.52650717
      2.3376733
     0.37924630
     0.47411140
      1.9156003
     0.67700369
