     0.21496006
     0.30158869
      1.1974432
      1.7092534
      1.4171872
      1.1233290
      1.5117201
     0.53302454
     0.51650962
     0.61779706
      1.8343083
      1.9438873
      1.3803384
     0.88739971
      1.5282872
     0.96523293
     0.79692577
      1.6949192
      1.9171343
      1.0244461
      1.7913015
      1.7981325
     0.84590773
     0.52845976
      1.9426725
      1.4829077
      1.3666505
      1.4630458
     0.74058951
     0.53462977
      1.5275019
      1.2258665
     0.44905969
     0.48749883
      1.2530087
      1.3247582
      1.1201856
     0.68723322
      1.0649725
      1.1941118
      1.6610461
     0.78661546
      1.1240180
      2.4143939
      2.1074187
     0.77979114
      1.1350941
      2.0863255
      1.0907811
      1.4975407
