     0.72741829
     0.85888941
     0.96612884
      1.1296556
     0.44145052
     0.88758143
     0.87043736
     0.46384392
     0.69026731
      1.1407696
      1.9289064
     0.65171824
      2.0159495
     0.79481304
      1.3879281
      1.4560168
      1.4775319
      1.0126469
      1.2937157
     0.67809978
      1.1162105
     0.74338764
      1.7851554
     0.95252931
     0.62838800
      1.4602507
      1.1434627
      1.3308064
      2.0366324
     0.65496962
      1.4849603
     0.89476192
      1.4166208
     0.68372197
      1.7922969
      1.1642059
      1.2983430
    0.049816128
     0.90288437
     0.62363715
      1.7064634
      1.8942820
      1.2997881
      1.0794186
      1.1065783
      1.0415665
      1.2059872
     0.80912013
      1.1040170
      1.6012451
