      3.3105658
      3.2583154
      3.2578281
      3.2566933
      3.2588465
      3.2550407
      3.2577647
      3.2485345
      3.2582411
      3.2495081
      3.2445811
      3.2551061
      3.2608173
      3.2493188
      3.2459592
      3.2406689
      3.2498981
      3.2455846
      3.2313629
      3.2394403
      3.2352806
      3.2326608
      3.2324656
      3.2424468
      3.2293715
      3.2342270
      3.2371317
      3.2325980
      3.2362320
      3.2297190
      3.2304291
      3.2352230
      3.2316507
      3.2357104
      3.2316133
      3.2355657
      3.2407892
      3.2373270
      3.2351453
      3.2339879
      3.2317085
      3.2317708
      3.2366119
      3.2301374
      3.2280060
      3.2282967
      3.2315043
      3.2296338
      3.2281765
      3.2292580
      3.2311763
      3.2345060
      3.2325776
      3.2274682
      3.2277656
      3.2320551
      3.2306046
      3.2336213
      3.2219759
      3.2331979
      3.2247308
      3.2252211
      3.2211331
      3.2344678
      3.2249371
      3.2329631
      3.2229687
      3.2299454
      3.2238861
      3.2340568
      3.2303603
      3.2229997
      3.2302098
      3.2253369
      3.2280901
      3.2297852
      3.2206554
      3.2229469
      3.2151745
      3.2230553
      3.2247952
      3.2140784
      3.2180635
      3.2141594
      3.2158508
      3.2151333
      3.2226723
      3.2121272
      3.2077981
      3.2095229
      3.2161135
      3.2063063
      3.2041225
      3.1968174
      3.2008736
      3.1927917
      3.1949117
      3.2024819
      3.1919332
      3.1895914
      3.1900114
      3.1886135
      3.1951447
      3.1786871
      3.1803567
      3.1751124
      3.1747841
      3.1693729
      3.1661841
      3.1612932
      3.1591560
      3.1566865
      3.1538286
      3.1511936
      3.1473708
      3.1479079
      3.1450106
      3.1368796
      3.1374671
      3.1361185
      3.1381900
      3.1364949
      3.1359047
      3.1350745
      3.1305011
      3.1277609
      3.1339130
      3.1268154
      3.1283711
      3.1240310
      3.1273453
      3.1245924
      3.1216813
      3.1237405
      3.1226613
      3.1243219
      3.1209949
      3.1219758
      3.1158928
      3.1135139
      3.1138662
      3.1149870
      3.1117953
      3.1088931
      3.1092334
      3.1111589
      3.1053374
      3.1045796
      3.1043605
      3.1034658
      3.1008195
      3.1006124
      3.1078323
      3.1026405
      3.0976965
      3.1029366
      3.0960903
      3.1019058
      3.0892211
      3.0883800
      3.0929866
      3.0885545
      3.0909184
      3.0914982
      3.0908004
      3.0898968
      3.0893558
      3.0875561
      3.0895296
      3.0834240
      3.0865188
      3.0772519
      3.0811742
      3.0845215
      3.0841690
      3.0820358
      3.0805786
      3.0778907
      3.0806135
      3.0815097
      3.0784280
      3.0778390
      3.0796992
      3.0787092
      3.0748374
      3.0773640
      3.0770228
      3.0812761
      3.0784162
      3.0845820
      3.0723867
      3.0769107
      3.0835553
      3.0767528
      3.0805807
      3.0780164
      3.0751504
      3.0790349
      3.0793986
      3.0819631
