      1.0835643
     0.70235912
     0.89896479
     0.19811089
      2.4388922
      2.0072858
      1.7385976
      2.2511180
      1.3886469
     0.46496324
     0.81451824
      2.0165632
      2.1309223
      1.7839638
      1.0363865
     0.93690532
      1.7441460
     0.39834211
      1.2683662
     0.33176726
     0.66504305
     0.84813978
     0.86836765
      1.1021176
      1.2502006
      1.2415145
     0.47781117
     0.97495241
     0.60325699
     0.75704853
      1.5913463
      1.6303622
     0.62416078
     0.56708810
     0.81426535
      1.4015788
     0.85284132
      1.6498508
      1.1081560
      1.1162874
     0.63580982
      1.6002128
      1.2277197
     0.84507205
      1.5456926
      1.4985153
      1.2993407
      1.0135861
      1.3363058
     0.70207455
