      1.2816257
      1.7368848
      1.3098306
     0.73574360
      1.2270761
     0.83046951
     0.71793676
      1.4338826
      1.3314992
     0.95452100
      2.0543928
      1.3742614
     0.93708723
     0.47387084
      1.9519214
      2.0533012
      2.8727457
      1.6487987
      1.1295851
      1.1378918
      1.0552917
      2.3686248
      1.2751370
      1.3410795
     0.58290870
     0.89767183
      1.2409996
      1.6147467
      1.0228609
     0.68656355
      1.7637971
      1.7761269
      1.9699040
      1.3024396
      1.2388998
      1.4162585
     0.85378539
     0.92514004
     0.59439567
     0.48943655
      1.3870843
      1.9264418
      1.8574274
      1.3861007
      1.2955296
      1.1548722
     0.74751072
     0.95421861
      1.2412243
      2.0705340
