     0.81229099
      1.6934746
      1.1326478
     0.31846352
      1.7775210
      1.0487199
      2.3585823
      1.9902763
      1.3565109
      1.1729050
      1.5350011
     0.97091741
      1.7808375
     0.99469547
      1.0697929
      1.2991858
      1.7747281
     0.96621044
     0.96837794
      1.6354428
     0.67808853
      1.8730329
     0.86790469
      1.4052065
      1.2571160
      1.5042665
     0.22398479
      1.7465803
     0.63538007
      2.4101252
     0.93415883
      1.6455039
      1.7799861
     0.77107282
     0.84421549
     0.98772093
     0.50027322
      1.1376274
      1.4899489
      1.0940671
      1.5899838
      1.6146723
     0.85760861
      1.8741286
      1.3313881
      1.0127347
      1.1493380
     0.31146489
      1.0356654
     0.81365952
