      1.2162359
     0.51853585
     0.34181025
     0.54092809
      1.6138983
      1.0434345
      1.7968557
     0.97099354
      1.9612705
     0.97792820
      1.7660418
      1.1351399
     0.96164073
      1.8659179
      1.2436331
      1.1031066
     0.45996564
     0.50827308
     0.50285847
     0.63437064
     0.33985082
      1.7528678
     0.44717441
      1.5073584
      1.5969338
     0.33460832
      1.3528493
      1.2436338
     0.73166154
     0.55809916
     0.97951969
      1.1720643
      1.2010457
      1.2873906
      1.5887718
      1.6678217
     0.90137403
      1.8666886
      1.8168809
      1.6838974
     0.65797887
      1.4156474
     0.90343505
      1.2512996
     0.42637362
      1.5833332
      1.9186263
      1.4889662
     0.68287896
      2.5475080
