      1.1335573
     0.45436046
      1.4954353
      1.6141135
     0.94168433
     0.82939522
      1.5670631
     0.98676664
      2.4499999
     0.41619512
      1.7187395
     0.61369004
     0.93899410
      1.2850172
      1.1304523
      1.4132755
      1.7185156
      1.0432299
     0.85483017
     0.61538585
      2.0169708
      1.6545010
     0.85053670
      2.8670511
      1.5341385
      1.2294142
     0.46607568
      2.3192620
      1.4840796
      1.3283463
     0.72281309
      1.0890486
     0.20283552
     0.45091159
      1.7420815
      1.3408799
      1.1790644
     0.92390980
      1.5632572
      1.5350305
      1.9344765
      1.0430564
     0.53361478
      1.5863422
      1.4952695
     0.91174010
     0.26935928
      1.5941974
     0.53327379
      1.2479703
