     0.74047453
      1.2317920
     0.45964527
     0.72014222
      1.5473298
      1.0087202
     0.96115786
      1.9199567
     0.93351334
      1.0049095
     0.31936596
     0.45760880
     0.94017311
      2.4575138
     0.54315343
      2.0575559
      1.8226916
      1.2353179
      1.3753772
      1.5323003
      1.0350749
      2.6335837
     0.65523951
     0.53777915
      1.7853693
      1.2927427
      1.0317732
     0.49949816
      1.0227974
     0.21587560
     0.50359468
      1.1027497
      1.7703616
      1.6805937
      1.4962162
     0.69930913
      2.5683557
      1.0240039
     0.78673344
      1.1734960
      1.6393312
      1.0686530
      1.1860976
      1.5292994
      1.4096197
      1.7366673
      1.5201670
      1.4459041
      1.7596253
     0.59123561
