     0.54979368
      1.0181694
      1.0205140
      1.0184776
      1.3876609
      1.3318094
     0.47294965
     0.53840685
      1.5010572
     0.98282705
     0.65954989
      1.5072502
      1.4196630
      1.5735299
      1.4756057
      1.1634401
      1.8322901
      1.6363903
     0.86714060
     0.30929520
      1.2770166
      1.1549448
      2.1284428
      1.6029253
      1.2690646
     0.61856400
      2.1443052
     0.65764712
      2.0369331
     0.75173837
      1.2891194
      1.6757242
      1.2215055
     0.86672702
      1.6543863
      1.2163520
      1.8593877
      1.2767909
      1.4053980
      1.1648899
      2.1043039
      1.0309892
      1.2735075
      1.1174157
      1.2981859
      1.1815385
     0.82548400
      2.8252152
      1.9023198
     0.78998969
