     0.77128018
      1.4814251
     0.77623352
      1.0514020
     0.81513860
      1.0437016
      1.6701999
      1.6147955
      1.1970104
      1.3194427
      1.0721575
     0.90075514
     0.92654212
      1.0035188
      1.4894918
     0.66861423
      2.0362287
     0.68233417
     0.85499355
      2.0139223
      2.4783833
      2.0102533
      1.4174494
      1.5909837
      1.1623519
     0.78119982
     0.85600338
      1.2712348
      1.2336044
      1.4133419
      1.1796944
      1.2928467
     0.87182347
     0.90048187
      1.3026587
      1.0866340
     0.30900039
     0.29499386
      1.2569993
      1.2389071
      1.3251450
     0.67631650
      1.4143458
     0.80964446
      1.7746576
      1.3948628
     0.90628188
      1.1999567
      1.2562561
     0.98501952
