      1.3977098
     0.80168052
      1.6149039
     0.86014114
     0.41786484
      1.6992172
      1.6282353
     0.96562237
      1.4731672
     0.59711677
     0.69965175
      1.4483938
      1.6075687
     0.66829267
      1.0272325
      1.8467188
      1.1647943
      1.9579681
      1.0198521
      1.1002271
     0.49100578
      1.3405527
     0.45940260
      1.7181191
      1.0043423
      1.5271725
     0.69144029
      1.6563708
     0.98842258
      1.9360395
      1.0007150
     0.87582445
     0.68287574
      1.0162922
      1.2889847
      1.1304151
      1.5984865
      1.4381659
     0.67541612
      1.2264090
      1.0737030
      1.1239512
     0.84059435
     0.39773395
     0.41250731
     0.78825367
      1.2766127
     0.86229873
      1.0864872
      2.1186148
