      1.8291921
     0.57348827
     0.60107808
      1.4539324
     0.81248267
      1.3407071
     0.75520910
     0.71500460
      1.3899928
     0.55060772
      1.3344618
     0.98035560
     0.67034077
      1.0616069
      1.3966428
      1.0958253
     0.86832563
     0.86782800
      1.5963251
     0.94841557
     0.64664724
      1.6812800
     0.72938412
      2.2972686
      1.5643504
     0.29582654
      1.3571338
     0.38356190
     0.62066921
      1.4950296
      1.2518298
     0.98996602
     0.88408183
      1.2172343
     0.90361524
      1.1872298
      1.5756885
      1.5281139
      1.8845823
     0.87472660
      1.6797435
      1.0197996
      1.8076540
      1.2564657
      1.4078169
      1.7437438
      1.5451893
     0.98926341
     0.98562612
     0.90953057
