      1.8898844
      1.2273173
      1.1131228
     0.36178842
      1.1683946
     0.53917961
      1.0669870
      1.9250717
      1.4543335
      1.5540460
     0.84243963
      1.3773765
      2.5317133
      2.1082887
      1.1790374
      1.0132787
     0.92410065
      1.8838873
      1.0729502
     0.36145271
      1.2225236
     0.71096556
     0.82839195
      1.1281286
     0.99884269
      1.2206247
     0.50296837
      1.2271263
     0.95056297
      1.2546612
      1.2200619
      1.3711070
     0.47295560
      1.2615185
      1.2782923
     0.69637851
      1.6298987
     0.99690891
      1.0326525
     0.43599802
     0.65911928
      1.9029266
      1.8615130
     0.51161033
     0.71366849
      1.1133412
      1.7443384
     0.56145835
      1.8458866
     0.86870551
