      1.9145827
     0.50403561
      1.0927575
     0.95692221
     0.56598516
      2.0015928
     0.79623150
      1.1675231
     0.76654479
      1.0491833
      1.9014358
      1.8389659
      1.4169646
      1.8728893
      1.3690062
      1.0591314
      1.2249332
      1.1974889
     0.86134109
     0.45126231
      1.6023989
      1.4328106
     0.62031847
     0.76670707
      1.6899241
     0.86378722
      1.1156944
     0.37364303
      1.5794352
      1.3860728
     0.51583647
      1.8340192
      1.2481508
      1.5446632
      2.1919174
     0.76933023
      1.9306927
     0.62291504
      1.3215744
      1.1976295
      1.1013067
      1.6300025
      2.4914334
      2.2479022
     0.83644038
      1.6015673
      1.2554702
      1.7159375
      2.6653480
      1.8043006
