     0.36211305
      1.5434784
      1.8649062
      1.3354709
     0.39516892
      1.6959231
      1.3859562
      1.4531086
      2.0228391
      1.3225468
     0.91337470
      1.1270473
      1.9484023
      1.2120843
      1.2153622
     0.26575311
      1.2043482
     0.82055756
      1.7477962
      1.1851668
      2.3373597
      1.4079246
      1.1719506
      1.3907627
     0.81413170
      1.1188593
     0.90206024
     0.96619472
      1.7725773
      1.5136009
      2.0263566
     0.70093634
      2.0976443
      1.3560218
     0.78063818
     0.45361486
      1.1765072
      1.8401802
      1.1210821
     0.44294144
      1.0340457
      2.6308711
     0.71620391
     0.70471636
      2.0652495
      1.1018175
      1.5058084
      1.5492934
      1.5632165
      1.0625613
