     0.91924678
     0.99022579
      1.0974395
      1.4021896
     0.65080490
      1.9337765
     0.27019986
     0.88725700
      1.2046775
     0.67110741
      1.0328612
     0.99358449
      1.0306637
      1.5801613
      1.2146083
      1.6847306
      1.4884098
     0.67163518
      2.0312024
     0.84414780
      1.1985797
      1.3613362
     0.89313799
      2.1876862
      1.3244059
      1.9739973
      2.5225700
     0.51308764
      1.2729199
     0.92722112
     0.77745223
      2.2690012
     0.41577682
      1.9246105
      2.2194430
      1.6068190
     0.96073887
     0.85297687
      1.7018798
      1.7304920
      1.6171594
      1.3454876
      1.1658885
      1.5420171
     0.98184667
      1.0636048
      1.0797704
      1.3518073
     0.79592941
     0.26107281
