      1.5805602
     0.87751881
      1.0035583
      2.3228032
      1.6148801
      1.3454329
     0.61956190
      1.1116829
      1.1833988
     0.52559946
      1.0181902
     0.36053851
     0.54374420
      1.3071862
      1.0141332
      1.6167808
      1.4224628
      1.3692840
      1.1774698
     0.94860048
      1.9148186
     0.93469744
      1.4094446
      1.5943691
     0.23657508
     0.85741099
     0.57612474
      1.8211509
      1.5367767
      1.3192325
      1.5999475
      1.3907026
      1.5086751
      1.5191465
      1.1444949
      1.0894190
     0.77951816
      1.2856611
      1.6072693
     0.71320805
      1.5794778
      1.1343549
      1.2463099
     0.99588333
     0.66837450
      1.1730479
      1.0149215
      1.2133312
      1.6109937
      3.1805500
