      1.1294573
     0.57424091
      1.9926841
      1.2679351
     0.44378752
      2.3875854
      1.1619451
     0.88046077
     0.72361129
      1.0084812
      1.0795402
      1.5576153
      1.8348295
     0.88431223
      2.0230092
      1.4858179
      1.7616134
      1.3079072
      2.5456744
      1.0196345
      2.0061234
      1.3269895
     0.48665926
      1.0123171
      1.0782280
      2.2661131
     0.71614202
      1.1651269
      2.4125026
      1.7074145
      2.1039692
      1.3696349
      1.9505167
     0.68788740
     0.56638451
      1.1140330
     0.62416580
      1.1489583
      1.3699588
      1.8141031
      1.0135867
      1.5460818
      1.0181199
      2.6110771
     0.40522588
     0.36202631
     0.71020559
     0.98145189
      1.0407784
      1.0239166
