      1.0263778
      1.5570149
      1.4046649
      1.0558299
      1.8637455
      1.5208711
     0.66469323
     0.91981438
      1.5664273
     0.72067680
     0.18178203
      1.5848584
      2.1128309
     0.50992865
      1.5853430
      1.3855625
      1.2800635
      1.3186141
      1.1740700
      1.6713001
      1.8303186
     0.42317491
      1.2738602
      2.0137215
      1.5230337
     0.60450354
      2.3722380
     0.50007217
     0.76341846
      1.2008358
      2.2057884
      2.0697108
      1.3906884
     0.85091328
      2.1347920
      1.1221242
      1.5095635
      1.6106149
     0.68402939
     0.67373075
      1.0426733
      1.7173556
      1.1571130
     0.92467420
      1.8350998
     0.81544335
      1.0632509
     0.82184591
     0.79282897
     0.94711038
