      2.1701509
     0.54342038
     0.76382360
      2.5015417
      1.7746926
      1.0112165
      1.0128631
      1.4021559
      1.0622383
      1.0396645
      1.9452650
      2.6697913
      1.2426313
      1.2556836
      1.1485274
     0.94777999
     0.69545715
     0.89990512
     0.69283918
     0.81802003
      1.1139322
     0.50937063
     0.62672482
     0.47177319
      1.2945656
      1.2423611
      1.1621301
      1.4403624
      1.7804725
      1.4172221
     0.44183515
      2.1671394
     0.80821219
      1.8196821
     0.48177485
     0.76366063
      2.0316885
      1.3842277
      1.0194811
      1.2329827
      1.7294388
     0.51181604
      1.0299406
     0.86156255
      1.5585379
     0.91160595
      1.9706385
     0.86779309
      1.0898162
      1.2921600
