     0.57175461
      1.1746603
      1.9248126
     0.59699218
      1.1481740
      1.1424749
      1.8103813
     0.77629662
      1.1804054
      1.3155723
     0.67890305
     0.88074107
      1.2766267
      1.0649326
     0.89022611
      2.2646608
      1.1701436
      1.7091915
     0.76516685
      2.0764679
      1.2753177
      1.3055519
      1.8409679
     0.81073035
      1.6815722
      1.0584028
      1.0225696
      2.1136766
      1.2502157
      1.4914397
      1.6801767
      1.7423814
      1.2278684
      2.1588775
     0.74643795
      2.1019900
      1.2135890
      1.0793122
      1.7791786
     0.94873856
      1.8036980
      1.1431867
     0.94004053
      1.4030959
      1.5220310
     0.44320996
      1.3022912
      1.3001122
     0.33820880
      1.0571529
