     0.96992320
      1.2980975
      1.2475999
      1.0270269
      1.0557464
      1.6090822
     0.43633095
      2.1977496
      2.0707567
     0.97909172
      1.6403981
      1.3958520
     0.54038207
      1.0253895
      1.6140667
      1.0060149
      1.7510326
     0.28710515
      1.2836342
      1.9053303
     0.84625563
      1.4606419
      1.4820522
      1.1155703
      2.2720795
     0.84605300
     0.68885922
      1.4410930
     0.63862213
     0.62628784
      1.0351535
      1.0189828
      1.3644094
      1.3032149
      1.2012703
     0.62432799
      1.6262977
      1.2299996
      1.0238220
      1.4044071
     0.77826241
     0.49250492
      1.4298722
      1.2599602
      2.1639471
     0.93447969
     0.74304282
     0.59670572
      1.2342351
      1.0584382
