      1.4350628
     0.93259230
      1.1935086
      2.1263632
     0.63215972
      1.1247863
      1.5117718
      2.0005715
      2.0695307
     0.80519881
      1.2537161
      1.1219224
      1.0756728
      1.4200495
      1.6528468
     0.94821665
     0.78571246
      1.1354736
      1.6461805
     0.63746631
      1.1064072
      1.6137983
     0.45392861
     0.81631532
     0.75341119
      1.2923720
     0.46155176
     0.99681373
      1.5120614
     0.86228494
     0.74862249
      1.2317818
      1.4339064
     0.75446940
      1.7196120
      1.3425239
      1.0739625
     0.95092861
     0.63628269
     0.89661522
     0.81696553
      1.7354226
     0.75963075
     0.48747393
      1.5929755
      1.8974117
      1.2069841
     0.51755878
      1.1675735
      1.6550845
     0.94580822
     0.85113384
     0.91068542
      1.7254996
      1.2347772
     0.19652740
     0.97375600
      1.2831618
      1.9043879
      1.4627273
      1.0979717
     0.55083642
     0.96783722
      1.9799907
      1.5723520
      1.2302441
     0.57595317
     0.61509607
      1.3406490
      1.4870599
      1.6685316
     0.49364211
      1.5685395
      1.0951970
     0.28964601
      1.3246667
      1.7867765
      1.5708190
      1.1985161
      1.2861039
      1.9308610
      1.3068970
     0.17976045
      1.2626837
      1.4243833
      1.2548485
      1.2560617
      1.0539410
     0.89565525
      1.5841189
      1.1868118
     0.80541563
      1.0789592
      1.8420274
      1.8777596
     0.88088526
      1.3334158
     0.73332367
      1.1528513
      1.3565278
