     0.62799802
      1.1766505
      1.2315744
      1.0376641
     0.88967307
     0.19996016
      1.8550294
     0.61384140
      1.2215421
      1.4340846
     0.89580195
     0.40416938
      1.1337246
     0.75791655
      1.8190134
     0.89643397
     0.79839247
     0.90065679
     0.80001794
     0.66648466
      2.0716104
     0.63838655
     0.49859438
      1.7735675
     0.77960388
      1.0773635
     0.52400893
      1.0158591
      1.3709394
     0.60858047
      1.3878855
     0.78766090
      1.3612307
      1.2909966
      1.5567474
      1.2150116
     0.66012984
     0.79285955
      1.1664369
     0.57431326
     0.70783109
      1.1691198
     0.87342145
     0.53054545
      1.1936538
     0.69451381
      1.1668284
     0.43565531
      2.0535727
     0.72781560
     0.98478462
      2.1134418
      2.0630591
      2.1566872
      1.0292857
      1.9873542
      1.1103903
      1.0329649
     0.63102231
      1.5760979
      1.0962608
     0.23834645
      1.5079858
      1.3585666
      1.8142522
      1.0342709
      1.9842175
      1.4261485
      1.5796004
     0.56841190
     0.91110913
      1.3228863
      1.2268416
      1.0964558
      1.4421644
     0.42855356
     0.76251747
      1.6743921
      1.4342115
      1.1771918
      1.0544455
      1.0806239
      1.1840937
     0.15735902
      1.1551555
      1.5186147
      1.5132729
     0.67181240
      1.2733932
     0.60365159
     0.84567952
      1.4947077
     0.87402594
      1.2193474
     0.96957036
      1.2086568
     0.51817404
      1.1791225
      1.6974037
     0.89485131
