      1.2716326
      1.4012058
      1.5504595
      1.4687169
      1.0442181
      1.0852463
      1.1299085
      1.4618241
     0.85477680
     0.32433228
      1.3324462
     0.81905588
     0.51118288
     0.96165270
      1.0596311
     0.66413217
      1.3517984
     0.23814448
     0.63006940
     0.74721476
      1.3052101
     0.97557384
      1.4250366
      1.2829904
     0.53330761
     0.90118997
     0.25724820
      1.1743011
     0.94741368
      1.7579737
      1.5460993
     0.98854237
      1.8071519
      1.5134427
     0.83354584
      1.7526657
      1.4538655
     0.85693524
      1.3921411
     0.97572658
      1.4142400
     0.93602685
      2.1546221
     0.26570829
      1.5715963
      1.5468312
      1.3605636
      1.7978718
     0.71467436
      1.2121212
     0.75780530
      1.3435041
      2.0829152
      1.5466168
      1.2422180
      1.6604367
      1.4645357
     0.68069862
     0.35477175
      1.0870144
     0.94932769
      1.5055934
      1.2196119
      1.4267597
      1.1478738
      1.3951288
      1.1914592
      1.0474013
      1.6702167
      1.6092060
      1.6159857
     0.90875375
      1.2299889
     0.89687482
     0.76773756
     0.73514692
     0.81121190
      1.0959352
     0.94758953
      1.3803653
      1.0876056
      1.1623080
      2.2604439
      1.4691078
      1.5976256
      1.5919646
      1.4495445
     0.50053218
     0.46025711
      1.4052586
     0.43361545
      1.1500605
      1.5777641
     0.37522415
     0.97917381
     0.85981028
      1.0687374
      1.1437862
      1.0203185
     0.98858023
