      1.3534052
      1.4608767
      1.3168475
     0.93375631
      1.7944583
      1.5165733
      1.5008211
      2.2673601
     0.44571470
      1.0353856
     0.49729487
     0.80898810
      1.2817680
      1.1084716
     0.59871003
     0.84917989
      1.0148686
      1.1223760
     0.67089874
      1.3392423
      1.3536266
     0.58860381
      1.8715910
     0.58879175
      1.4724568
     0.85153033
     0.90908714
      1.3845409
      1.6688305
     0.81285937
      2.0886309
     0.67102329
     0.60943882
      1.1375487
      1.1176498
      1.1149755
      1.2301357
     0.60693009
      1.4342858
     0.57728088
      1.6103812
      1.0414635
     0.79158962
     0.74734774
      1.5776008
      1.8016203
     0.73472777
     0.94008143
      1.7155806
      1.1781605
      1.4105447
      1.7550347
      1.9496874
     0.62693576
      1.6536482
     0.65999782
      2.4645759
      1.1545024
      1.1775689
      1.2029903
     0.78154573
     0.72687251
     0.80725196
     0.52150932
     0.57795147
     0.97978892
     0.73180198
     0.95095006
     0.73297792
     0.63237364
      1.3407425
      1.7338567
     0.78857222
      2.1161825
     0.73974327
     0.30622718
     0.82766095
     0.91264305
      2.1096640
      1.2233758
      1.5555348
     0.90276642
     0.81873878
      1.0238162
     0.74129503
      1.6159578
      1.4962771
      2.5437566
      1.0503279
      1.6121561
     0.52190896
      1.2150917
      1.7407978
      1.8438670
      1.4974678
      1.7165954
     0.74265075
     0.81867025
      1.4193797
      1.6280073
