     0.80936937
      1.2513791
     0.86475031
     0.49251614
      1.5189765
      1.5134044
      1.3764669
     0.48351703
      1.4804858
     0.26640864
     0.55242013
     0.72453473
     0.83454580
      1.3513379
     0.62462030
      1.2741961
     0.96777519
      1.2990793
      1.1151050
      2.4981952
      1.8420282
     0.51905813
      1.2326387
      2.1312382
      1.5110018
     0.48625423
      1.0778639
     0.60017607
     0.84408931
      1.4918168
     0.61680968
      1.4203368
      1.1070003
     0.93043564
      1.0915292
      1.2643797
     0.73380391
      1.0181839
     0.66435992
     0.32667650
     0.40345658
      1.5182534
      1.1108139
     0.73650897
      1.3037833
     0.95321580
      1.1616665
      1.0630039
      1.1081911
     0.67339965
      1.1163719
      1.4344919
     0.17169185
      1.1548682
      1.8716393
      2.0239514
     0.78161681
     0.48256137
      1.1102178
     0.59600948
     0.78606226
     0.72559831
      1.0202832
     0.37874032
      1.4487855
     0.82743251
     0.98566776
     0.99156194
      1.0789863
      2.6323855
      1.6153883
     0.42232480
      1.5079461
      1.7131572
      1.6843680
      2.6037535
     0.60891012
      1.4387439
      1.0836330
     0.91618575
      1.5669902
     0.59685245
     0.48506951
     0.80667769
      1.3560449
      1.0506703
     0.77167246
     0.64236322
     0.61965040
      1.7072684
      1.8553957
     0.73270380
     0.71329394
      1.6048722
      1.0386867
      1.2831479
     0.78717872
     0.87056759
      1.2023191
      1.2430103
