      1.0248939
      1.2798599
      1.7352825
     0.98746656
     0.48484165
     0.67929470
     0.80613005
      1.5799480
      1.6310698
     0.80256750
     0.50321690
     0.84082221
      1.0024652
     0.92990719
      1.1415484
      1.6091758
     0.75390698
      1.1208290
      1.5637595
      2.2956709
     0.57256340
      1.1660627
     0.76087575
     0.52024512
      1.6329769
      1.3444452
     0.64219310
     0.99001761
      1.3416437
      1.4553301
      1.5563032
     0.49488039
     0.61361385
     0.77570542
     0.71892549
      1.2245904
      1.1450839
      1.3050245
     0.35278368
      1.1081367
     0.95950368
     0.83958287
      1.3815778
     0.53477894
      1.6382478
     0.79217457
      1.5850147
     0.56491634
     0.97050646
      2.0343974
      1.1921232
      1.7175103
      1.8277411
      1.5159227
     0.45388253
      1.3398081
     0.80175811
     0.46104864
      1.4282447
     0.77686540
      1.2759360
      1.0851006
     0.47590984
      1.8766450
      1.1389725
      2.0171343
      1.2236900
      1.5121692
     0.86877574
     0.82019780
     0.56898538
     0.34550850
      1.5433580
      1.2219391
      1.6329759
     0.40697067
      1.2672385
     0.82571664
      1.9336574
     0.85399269
      1.7808789
      1.0958789
      1.4295149
      2.1266146
      1.7148039
      1.2525569
     0.32160212
     0.54456523
      1.0402220
      1.0927534
     0.99180146
      1.4231917
     0.52761052
      1.1957485
      1.9447114
      1.0070058
     0.84925906
      1.2460516
      1.8856118
      1.1650092
