     0.39797558
     0.69857128
      1.2559019
     0.71963571
      1.4658325
      1.7373894
     0.70044650
      1.6273605
      1.6838164
     0.80548529
      1.6218628
      1.8473381
     0.51870479
      1.7541353
      1.0110946
      1.7653380
     0.95472615
     0.81984300
     0.96615022
      1.8733682
      1.1036515
      1.3836932
     0.71303134
     0.99949812
     0.46768413
     0.90941471
     0.57552433
      2.7535531
      1.7883082
     0.69440554
      1.2013352
      1.4089182
      1.3322655
     0.96615581
      1.6241355
      1.2831881
     0.36127705
     0.97596383
     0.82939939
      1.3314090
      1.6276487
     0.52255522
     0.94608587
      1.1061637
      1.9435862
      1.9239103
     0.96090170
     0.18225861
      1.5897120
     0.87593071
      1.4990089
      1.4137249
     0.83113654
      1.1777514
      1.2500342
      1.6864534
     0.53773714
     0.77655890
      1.8599334
      1.1731452
     0.86719936
      1.8534885
      1.1644928
      1.2230302
     0.72098866
      1.1242852
     0.55041243
      1.2933816
      1.0295077
      1.5176039
     0.81467858
      1.7062622
      1.9287398
      2.3194772
      1.1893613
     0.45187209
     0.66016291
      2.6178495
     0.41536192
      1.0481475
     0.71040362
     0.87794388
     0.83130965
      2.3749107
      1.9941317
      1.0069778
      2.0218986
     0.98164409
      1.2008323
     0.67273893
      1.6169636
      1.1564251
      1.0585429
      1.3233449
      1.4394042
      1.5200467
      1.0338763
      2.0363415
      1.3231774
      1.4906677
