      1.2945605
      1.6134717
     0.34261851
     0.74327261
     0.92766481
      1.2517313
      1.0027644
      1.3025023
     0.92347989
     0.67149537
      1.0289180
      1.3828369
     0.32820853
      1.3323905
      1.5314966
      1.2798099
      1.4552305
      1.3324488
     0.43474389
      1.0798922
      1.9097198
      1.0965466
     0.59753846
      2.3017469
     0.89730132
      1.7903774
     0.32221238
      1.2474239
      1.4296686
     0.85938959
     0.97418223
      1.9854353
      1.6430556
     0.61064087
      1.6593699
      1.8472632
      1.0426872
      1.3182103
      1.4604592
      1.3810462
     0.85736876
     0.50409241
      1.5714650
      1.5492352
     0.69141728
     0.46800859
     0.96242865
     0.93503567
     0.77971833
     0.45147385
      1.2448429
     0.78606729
      1.9062280
     0.51850086
     0.82670799
     0.91238094
     0.88649655
     0.25999984
      1.0489595
     0.55420605
      1.8043049
     0.87598236
     0.44066493
      2.1563186
      1.8752254
     0.75838760
      1.5246610
      1.1317674
     0.51391134
      1.3239488
     0.26401233
      1.2437181
      1.6199511
     0.60310497
      2.3040810
     0.90900013
     0.27712733
     0.88215281
      1.2699790
      1.0701541
     0.49418800
      1.1037039
     0.47943247
     0.65953089
     0.28893305
      1.7727674
      2.9844405
     0.51159430
      1.6274758
     0.33927903
      1.3742038
      1.1500357
     0.31950806
      1.6354096
      1.7581010
     0.89659499
     0.82021744
      1.2976512
      1.4804766
      1.2389987
