      1.8644802
     0.98884706
     0.37305428
      1.2991242
      1.7439125
      1.0689474
     0.81817259
      1.2358343
     0.73549470
      1.6874718
      1.2192669
      1.1432723
      1.3546961
     0.76863665
     0.61204587
      1.7759551
      2.3852080
      1.4561780
      1.1222209
      1.3009764
      1.2365928
      1.0195138
     0.95119146
      2.6230543
     0.47359273
      1.5318500
     0.99043421
     0.73324712
     0.52003900
      1.8352960
      1.5574010
      1.1780533
     0.40873255
      1.7019625
      1.4518348
     0.61289087
      1.3494422
     0.34137932
      1.0139170
      1.1624553
      1.8540025
      1.2837212
     0.68508682
     0.38089207
      1.1030505
     0.93239312
      1.1822726
      1.2870276
     0.70984852
      1.4255147
      1.0316344
      1.4851264
      1.8201938
      1.0491955
      1.4589240
     0.85332878
      1.8292219
     0.92248989
      1.5662621
     0.75977139
     0.91826444
     0.70259951
      1.1835035
      1.3993452
     0.55517481
      1.4509820
      1.0595517
     0.96246395
     0.34155769
      1.3685201
     0.94364089
     0.38319550
     0.62122814
     0.66908695
      1.9387417
      2.2723642
      1.9860411
      1.4527171
      1.4722679
      1.5762960
      1.3391630
      1.0910160
      2.0088819
      1.1809755
     0.61685157
      1.2901152
     0.59294672
      1.6335778
      1.1467705
      1.3080708
      1.3974816
      1.6957269
     0.52956888
      1.4580048
      1.1033792
      1.7170880
      1.0004699
     0.52215184
      1.6623181
     0.50663989
