     0.43370094
     0.36243184
     0.73168419
     0.29272732
     0.24290105
      1.8031122
     0.61965860
      1.2180854
      1.6075291
      1.5181369
     0.97080574
      1.2464305
      1.4509559
      1.4377737
      1.4270387
      1.0676343
     0.65403766
      1.2989588
      1.2594314
      1.7736194
     0.66368625
      1.0950823
      1.1175571
      1.0929350
      1.6576546
      1.8243919
      1.1165088
      1.2107479
      1.1012081
      1.4143049
     0.79989870
     0.65852778
     0.53894215
     0.67000494
      2.2294446
      1.0138085
     0.93332040
      1.2923803
     0.85177773
      1.7098739
     0.24033854
     0.49547524
      1.5404653
      1.4830336
     0.78545364
      1.2442548
     0.73652908
      2.1099386
      1.6345128
     0.49484841
     0.53735394
      1.3054836
      1.0872790
     0.52411046
      1.4659088
      1.1280614
      1.3287551
     0.82483029
      1.4536290
     0.90117860
      1.1090873
     0.91470549
     0.84476751
      1.8392192
     0.98529269
      2.5005262
     0.73286334
     0.54873482
     0.85864257
      1.6308952
      1.0193794
     0.75118636
     0.97383420
      1.1535417
      1.4433409
      1.5402282
      1.0796660
     0.92843898
     0.24332033
     0.30833629
     0.68401410
      1.6531635
      1.2146023
      1.1683409
     0.95748870
      1.0068380
      1.1456514
      1.6691375
     0.58102119
      1.5317461
     0.96497797
      1.2498203
      1.2076671
      1.4162381
      1.4190112
      2.0394691
      1.6086818
      1.1401915
     0.89553221
     0.80465757
