      1.5430174
      1.3547639
      1.8896422
     0.89546006
      1.6838715
      1.5564792
      1.4246030
     0.97078421
     0.71822225
     0.91974198
      1.3660965
      1.7104815
      1.1850379
      1.3869911
     0.53064364
     0.93855351
      1.3199350
      1.1542818
      1.1775785
      1.2167473
      1.5330442
     0.95177303
      2.4064698
      1.6458316
      1.5812556
      1.6486472
      1.5961133
      1.4921653
     0.78393174
      1.4280273
     0.59793248
     0.75191160
     0.60392025
      1.0289177
     0.79230143
      2.1002652
      1.6946826
     0.63674206
     0.91056380
     0.99159108
     0.98450950
      1.8669837
     0.83406167
     0.98320164
     0.39563934
      1.2249477
      1.0398433
     0.15333563
      1.7475943
     0.93008959
     0.61074467
     0.88976931
      1.0887636
      1.4577839
      1.4612849
     0.85967764
      1.0971274
     0.98600763
      1.2059553
     0.22097841
      1.2285773
      1.1547928
      1.9246815
      1.5053088
     0.93536739
     0.47984046
      1.1959566
      1.3598692
      1.7451043
     0.60796129
     0.21817348
      1.4301814
     0.73407098
     0.65328747
      1.5216596
      2.1997865
      1.6813514
      1.2241861
      1.2582725
     0.93292782
      1.0065310
      1.4448532
      1.2461748
     0.96700098
      1.5200279
      1.8954019
      1.3624509
      1.3119176
     0.52755622
     0.76048101
      1.2829248
     0.99713777
     0.70856064
     0.55737978
     0.94589201
      1.5150735
      1.8535224
     0.95329220
      1.1144512
      1.4460071
