     0.87219619
      1.0523400
     0.58245282
      1.1281909
     0.55738208
      1.6262463
     0.66966707
     0.51018580
      1.1302433
      1.5376682
     0.88863373
     0.20250979
      1.1953392
      1.1151491
     0.49116837
     0.73095579
     0.85605948
      1.9507546
     0.87223497
      2.1553325
     0.83174821
     0.94715754
      1.2495750
     0.98202530
      1.8799262
      1.2629719
      1.4405550
     0.62985337
      1.7413564
     0.46432643
      1.0531651
      1.2229495
     0.59717450
      1.3221263
     0.69057287
      2.6171885
      1.1199298
     0.88052077
      1.3560424
      1.2625569
      2.0656034
     0.65210478
      1.2154771
     0.27946278
      1.0629512
      1.8482545
      1.2003480
     0.61525248
      1.3222982
      1.6676460
      1.8132625
      1.4413544
      1.4047855
     0.94479206
      1.5119736
      1.3844587
      1.7601037
      1.0138408
     0.99901259
     0.36925957
      2.2387665
      1.6975255
     0.87744590
     0.57437335
      1.2632356
     0.60615513
     0.95136730
      1.1377147
     0.59702086
      1.5043698
      1.5644431
      1.2955630
      1.2750567
      1.1592831
      1.5256967
     0.76880493
      1.3271928
      1.9193833
     0.89285836
     0.46119626
     0.98935318
      1.7439755
     0.64565176
     0.49172213
      1.2470418
     0.91426822
      1.2672520
      1.6979014
      1.9277906
      1.3667637
      2.4514455
      1.3310158
     0.80372764
      1.9667435
      1.7220030
     0.50713687
      1.0797252
      1.4028529
      1.4605392
      1.7953324
