     0.51188254
     0.94281256
     0.99653538
     0.47877115
     0.73748960
      1.5942109
      1.0704210
      2.2309368
      1.0962562
     0.80586503
      2.0218071
      2.6198691
      1.6211862
      1.9661728
      1.5113010
     0.71151802
     0.86370898
      1.4571193
     0.96423139
     0.64462493
     0.92674951
      1.3608036
     0.89919775
      1.9598932
      1.3324388
     0.59805598
     0.82587682
     0.89450585
     0.84925821
     0.65232744
      1.3701233
      1.3445387
     0.86273474
      1.2750125
      1.3564744
     0.83946174
     0.98730467
      1.7721789
     0.47912025
      1.2334995
      1.0609456
     0.64649059
      1.5977830
      1.7587904
     0.38521659
      2.1533433
      1.3629293
     0.90173256
      1.1704278
      1.6275655
     0.60777388
     0.99635898
      1.0213231
     0.84283831
      1.7674655
      1.6191057
      1.2686920
      1.7491544
      1.1628986
      1.6351132
      1.4934325
     0.50666161
      2.2283887
      1.7193857
      1.2591017
     0.81474150
     0.87054524
     0.73614511
     0.55628134
      1.8918764
      1.7092085
      1.7705490
     0.71202901
      1.6779876
      1.3848243
      1.1364306
      1.6929174
      1.2847389
      1.3438402
     0.81292364
      1.1996855
      2.0415781
      2.3482437
     0.65855859
     0.97164878
     0.63337318
     0.67113675
     0.50656191
      1.2487184
     0.90176392
      1.1394505
     0.88358255
      1.3475386
     0.83234003
      1.7373412
      1.4009037
      1.1278983
      2.0214062
      1.1649896
     0.73352535
