     0.64271265
      2.4954561
      2.1622004
      1.0172834
      1.7280992
      1.3527702
      1.2429829
     0.75528101
      1.3466718
     0.82548295
      1.7308814
     0.93880063
     0.40738925
     0.78566364
     0.82820363
      1.1272650
      1.0163461
      1.0828468
      1.4958246
      1.7259155
      1.5928353
      1.6515932
      1.0419702
      1.6633494
     0.52424491
      1.2601480
     0.69707827
      1.2498679
     0.96514664
     0.61073875
      1.2561591
      1.3913713
      1.4896532
     0.85872116
      1.8644814
      1.0468512
      1.4869922
     0.80128778
     0.57359681
      1.6378478
     0.80200296
     0.65964325
      1.1673340
      1.1101249
     0.90999168
     0.36166246
     0.29760160
      1.3834839
      1.3665870
      1.7049048
      1.5388453
      1.5748634
      1.2129038
      1.0999053
     0.71311886
     0.86544609
      2.1137749
      1.9457767
      1.8513568
     0.68917401
      1.1536030
     0.12520531
      1.3976358
      1.5446398
      2.1775443
     0.48084119
     0.97975721
      1.1402036
     0.87908984
      2.0632156
     0.76536751
      1.3379897
     0.84080843
      1.6458650
      1.6994979
     0.34474796
      1.4548546
     0.51758155
      1.0105195
      1.0307039
      2.2058202
      1.2129701
     0.73142666
      1.0063171
     0.88824441
      1.5460981
     0.70131128
      1.1580369
     0.89916576
      1.2843340
      1.4337257
      1.8346259
     0.32841423
      1.8169815
      1.5670501
      1.6710199
     0.78984465
     0.93628817
      1.2581745
      1.1657796
