      1.1816990
     0.96642731
      1.4161663
      1.3430262
      1.2379617
     0.85430219
      2.0511500
      1.0156145
      1.1124726
     0.75075178
      1.5136031
      1.5555329
      1.3112064
      1.8252422
      1.2384769
     0.83084539
     0.95097290
      2.1045656
      2.1759063
      1.2846516
      1.2124888
      1.0287843
      1.1470306
      1.6153419
      1.1519494
     0.38955784
      1.7505229
      1.4507479
     0.54801735
      1.4619162
     0.34344783
      1.1425247
      1.2016909
     0.98467770
      1.8533410
      1.2751622
      1.7835904
      1.4448607
      1.6468547
     0.87542120
     0.93838520
      1.5169072
      1.4618943
      1.5247130
      1.4868584
     0.69216979
      1.1036458
      1.4283833
      1.3630545
      1.0582441
     0.98163954
      1.1398058
     0.79740927
      1.2029470
      1.2812681
     0.92265280
     0.35520599
      1.1202908
     0.80272989
      1.2691348
     0.96164448
     0.72447244
      1.5048372
      1.2177226
      1.2137738
      1.3193989
     0.25980138
      1.2767075
     0.98640460
      1.1638891
      2.2226492
      1.0295880
     0.79266346
      1.5812345
      1.7904369
      1.4718335
      2.1297982
     0.60000633
      1.1895866
      1.2887697
      1.6228467
      1.1023595
      1.3164641
      1.1995479
     0.82191481
      1.2954584
      1.5015291
      1.0185474
     0.72498512
      2.0643639
     0.97144498
     0.56460786
      1.6570117
      1.0035144
      1.7782748
     0.48207719
      1.2880877
     0.45465276
      1.3038757
      1.1312793
