      1.2709778
     0.25499306
      1.0253886
      1.4979634
      1.8156977
      1.4635857
     0.78465203
     0.83668523
      1.9996481
     0.81922831
      1.1374311
     0.82948530
      1.2704392
     0.66176066
     0.55366316
     0.81726620
     0.84357030
      1.9421321
     0.72728789
      1.2132352
      1.7914158
     0.50723591
     0.77743131
      1.1477089
      1.3742054
      1.6769283
      1.3163259
     0.98665854
      1.9115618
     0.41658734
      1.2048482
     0.94410357
     0.72025351
      1.4212797
     0.58112370
      1.9075884
     0.66268808
     0.88004723
      1.2861067
     0.33810097
      1.0437974
      1.1259651
      1.6252814
      2.3521619
     0.77973722
      1.1656131
     0.54065772
      3.0245236
      1.0309996
      1.1503779
      1.0054873
     0.40200131
     0.51529269
     0.58682942
      2.5456365
      1.7815672
      1.5703945
     0.71755764
      1.2043404
      1.3614534
      1.2514772
     0.28166438
     0.65247546
      1.5352823
      2.3970106
      1.7421602
      1.7908421
      1.6932552
      1.0828624
     0.46084864
      1.1341891
      1.5118931
     0.77313858
      1.5276631
     0.93002511
     0.99930365
     0.67753378
      1.3170207
      1.0620769
      1.1643511
      1.6394325
     0.89718116
      1.1347510
     0.28202360
      1.7147209
      1.2726657
     0.35650555
      1.1208615
      1.5258343
      1.2289913
      1.2033887
     0.78167296
     0.86580828
     0.67953587
     0.72897776
      1.3637742
      1.0463787
     0.56655889
      1.2452869
      1.1202754
