     0.78311791
      1.0037567
     0.98435005
      1.3970222
      1.2285194
     0.71032312
      1.7217105
      1.7755783
     0.54371713
      1.1030186
     0.52770340
      1.5179153
      1.3068932
     0.66431104
      1.3044202
     0.83887664
     0.69849733
     0.86421316
      1.0827140
     0.60817989
      1.6361216
      1.2964843
      1.5468666
      1.8666527
     0.81040882
      1.9354258
      1.2008748
      1.7525418
      1.4551172
     0.33191239
      1.8402325
      1.2733554
      1.5209708
      1.4291665
     0.27774034
      1.4583054
     0.66340249
      1.3063444
     0.28058455
      1.1688347
     0.92366833
      1.9007523
      1.6536484
      1.3241584
     0.43794364
     0.28689254
     0.97403253
      1.6103776
     0.71880638
      1.0578147
     0.84683267
      1.5383575
     0.87222653
      1.7970310
      1.5875000
     0.84678076
      1.2416408
      1.0353009
      1.4539285
      1.9108786
     0.79434803
     0.83070675
     0.69289959
     0.34191555
      1.9048223
      1.9276014
      1.4217163
     0.48490885
      1.1124329
      1.6300109
      1.3230520
     0.95175899
     0.60431477
      1.5024588
      1.1108420
     0.68223373
      1.5173488
      1.3314865
     0.89608650
      1.2766035
      2.0372142
     0.78823583
      1.3460794
      1.0431448
      1.0968066
      1.2646558
     0.89974102
      1.0002251
      1.0410887
     0.93729022
      1.1910038
      1.3281553
      1.7698803
     0.80042659
      1.0388646
      2.0122350
      1.2282333
      1.1330003
      1.0108401
     0.64274517
