      1.7725053
      1.1330165
     0.92945161
     0.25050473
      1.4138459
     0.86150121
     0.74291995
     0.27273204
     0.44743908
      1.0618176
     0.93061273
     0.95065497
      1.5124382
      1.1466124
      1.1822592
     0.95560347
     0.45145288
      1.6056620
      1.8690890
      1.4395780
      1.1254192
      1.8401673
      1.6008078
      1.1943055
     0.76733585
      1.5500625
      2.1598674
     0.85512849
      1.1781133
     0.69873284
     0.67046709
      1.5012743
     0.21167507
     0.80967703
      1.6476460
     0.31442023
     0.76076601
      1.7138888
     0.57447604
      1.6341300
     0.48127277
      1.4708876
      1.1633734
      1.2005325
     0.40004632
      1.2911157
     0.62469471
      1.0585604
     0.41171383
      1.1235577
      1.1187035
      1.4961083
     0.43914697
      1.5673205
      1.0934800
      1.0853391
      1.1199650
      1.3848896
      1.4094067
      1.1123196
     0.77545640
     0.67845435
      1.2488828
      1.3896184
     0.51223803
     0.80886283
      1.3396116
     0.64700195
     0.79320560
     0.79775185
      1.2473599
      1.3100008
     0.83273925
     0.66395967
      1.5082757
      1.4220126
      1.2269376
      1.0467194
      1.0493346
     0.43731360
      1.0418463
      2.1772409
      1.1823673
      1.8167449
     0.35303711
     0.45253814
      1.4115902
      1.8940012
     0.88399084
      1.0564552
      1.1096213
      1.4067547
      1.3096841
     0.63964207
      1.8688601
      1.4186616
     0.74861228
      1.5148925
      1.0417594
      1.0170848
