      1.0947917
      1.0599766
     0.72159058
     0.59251938
      1.2865223
     0.43111285
     0.79861597
      1.5531542
      1.0410539
      1.9933657
      1.2043082
      1.6417106
      1.9805014
      1.3660889
      2.0971437
      1.0300614
      1.4725149
     0.75576763
      1.2585490
      1.6831031
     0.96601768
      1.4890130
      1.4507386
      1.4519494
      1.0920566
      1.5425068
     0.71725407
      1.8415940
     0.59521344
     0.63356227
     0.86158782
      1.2870662
     0.66950025
     0.73992860
      1.4479626
      1.6189418
      1.3047758
      1.7511756
      1.2673756
     0.84575901
      1.1903295
     0.71633868
      1.4498021
      1.0752247
     0.84883010
      1.5532018
      1.6312647
     0.11299466
      1.8282208
     0.45416368
     0.52277372
     0.30592431
      1.4189365
     0.46493026
     0.99808089
      1.2435991
     0.78692994
     0.96599416
      1.8229705
     0.52139703
     0.50656610
      1.1536034
      1.1529644
      1.7373047
      1.4705201
      1.2025942
     0.98621605
     0.96534827
      1.7780456
      1.8331535
      1.9113874
     0.64277605
      1.8086255
      1.7527577
      1.2331191
     0.88731624
      2.5206261
     0.61322794
      1.9578328
     0.97032677
     0.60794785
      1.2356943
      1.7500170
      2.1670438
     0.73456796
      1.2186673
      1.1253293
      1.3604050
      1.5389588
      2.5209090
      1.5916672
      2.3777662
      1.8500388
      1.2049869
     0.90069883
     0.68883975
      2.3407479
      1.0375975
      1.4495914
      1.0041462
