      1.5564183
      1.3194757
     0.97752738
      1.1237547
      1.2800649
      2.5284358
      1.3759177
      1.3661130
      1.0925896
      1.1346906
     0.42227387
     0.58304797
     0.24060103
     0.48206586
      1.6151153
      2.1105552
      1.2201253
     0.88503897
      1.1571744
      1.0640917
     0.96370813
      2.6950048
      1.5865793
      1.7081135
     0.49114933
      1.1227128
     0.81869089
      1.9942869
     0.72315599
     0.94223845
      1.5803595
     0.60368318
      1.1197755
      1.0626307
      1.4443449
      1.4560941
      1.7929771
     0.87060983
     0.49988689
      1.2399429
     0.51237736
     0.63539783
     0.52279836
      1.3527239
     0.94893504
     0.53967193
      1.4473761
      1.5696927
      1.1517252
     0.37086798
      2.2638299
      1.3064729
     0.43693595
      1.0191123
     0.47163223
     0.90995494
     0.40215525
      1.1555159
      1.0183307
      1.7454311
      1.8116884
      1.0253366
      2.0553910
      1.7154310
     0.86685440
     0.75461666
      1.5467348
      1.3202369
     0.49613989
      1.9059494
      1.1642876
      1.7369028
     0.57853965
     0.93591011
     0.84161836
      1.1261676
     0.52791239
     0.94290246
      1.7330045
      1.0974739
      2.2076280
     0.64935576
      1.9342176
      2.0504710
     0.80899907
      1.6433964
     0.94297108
     0.67248064
     0.62929653
      1.4735977
     0.60681820
      2.4998011
     0.49147768
      1.6073614
     0.70311649
      1.1472174
      1.5705600
      1.6500127
      1.5144774
      1.1667284
