      1.5268672
      1.3558053
      2.3586749
      1.5743307
     0.92042157
      1.0842172
      1.1358269
      1.5689154
     0.32145378
      1.0848751
      2.2669111
     0.86950530
      1.0639556
      1.1226630
      1.2838795
      1.0447607
      1.2040436
      1.4024845
      1.3359603
      1.1374972
     0.95032887
      1.6324635
      1.0441353
      1.2672630
     0.88288637
      1.5798924
      1.2042297
      2.0978402
      1.3839675
      1.2280475
     0.32099271
      1.1072735
      1.3743275
      1.0164359
     0.66592513
     0.62082690
     0.99290535
      1.0685107
      1.2140245
     0.45962987
      1.3733828
      1.5612161
     0.60128643
     0.54675253
      1.1953339
      1.9346096
      1.4606241
      1.2298634
      1.4268779
     0.92457619
     0.35457499
     0.28371546
      1.2554513
      1.7740337
     0.47789763
     0.89312493
     0.58550977
      1.0238820
      1.7460769
     0.58656918
      1.4763825
     0.55310169
     0.80201635
      1.7670967
      1.2797814
      1.1882614
     0.74450783
     0.62781234
      1.6403626
      1.3985376
      1.7920005
     0.59749256
      1.6714724
      1.5589447
      1.2172288
     0.34885566
      1.0122738
     0.85207618
     0.83038900
      1.4631130
     0.88631095
      1.6490643
      1.5589913
     0.74291823
      2.0706156
      1.6069024
      1.5466131
      1.2931073
      1.7433366
      1.8326564
      1.2824250
     0.74269464
      1.1399516
      1.9157805
      1.5771018
     0.52634503
      1.1394685
     0.96597751
     0.84658849
     0.31268026
