      1.8241982
      1.4042288
      1.7682903
     0.41873214
     0.61898153
      1.1614383
      1.0977055
     0.85381004
     0.72850435
      1.7109794
      1.5531496
      1.2681962
      1.4077714
      1.2140069
     0.45658833
      1.8545344
     0.77899078
     0.94495637
     0.98837731
      1.6214196
     0.88503906
      1.6941605
      2.2644674
     0.66752480
      1.4779955
      1.9719913
      1.1509884
      1.0541714
     0.90241418
     0.54395206
     0.89186446
      1.5700502
      1.2681649
     0.68284289
      2.7477573
     0.46683668
      1.3857288
     0.45455759
      1.5748850
     0.80767251
      1.6183136
      1.7205817
      1.0980506
     0.93948566
      2.7128790
     0.38746949
     0.92678138
      1.0692440
     0.97682241
     0.71600470
      1.2945324
      1.0552174
      2.4777054
     0.40208220
      1.3777614
      1.4030547
      1.0738096
      1.3989930
      1.1367470
     0.58611966
     0.26247510
     0.73530493
      1.6519503
     0.72845776
     0.75552774
      1.5116412
     0.77238809
     0.59978441
     0.84250738
      2.2584460
      1.1052346
      1.0556887
     0.66823064
      1.1578315
      1.1729596
      1.6535880
      1.6180246
     0.23499679
     0.96655843
      1.2395307
     0.23553772
      1.1155362
      1.7203120
      1.3088447
      1.5253439
      1.4091542
     0.45271358
      1.3674758
     0.60093472
     0.83477446
     0.93638263
     0.69674343
     0.97065597
     0.52798091
      1.1528374
     0.98656280
     0.60285794
     0.84189784
      1.4670580
      1.1950418
