     0.33899513
      1.6193953
      1.5791081
      1.3077610
      2.7132941
      1.6894695
      2.1501733
     0.71980772
      1.7047933
     0.57740207
      1.0234236
     0.33813811
     0.83498838
      1.0851259
     0.98037285
     0.47010294
     0.79067180
     0.74683754
     0.72968115
      1.9200162
     0.90345216
     0.87744035
     0.72432731
     0.48537075
      1.2265892
      1.1179252
     0.35973373
     0.89651565
      1.9483154
     0.96295506
     0.58977329
     0.68802521
      1.2361528
     0.70597449
      1.2674498
     0.94419286
     0.22929411
      1.5887568
     0.73510747
     0.73062700
     0.88219969
     0.67758887
     0.98002338
      1.3623326
     0.47967236
      1.6518318
     0.50933380
     0.99540596
      1.1457495
      1.0040551
      1.9059468
      1.1718564
      1.7534001
      1.2850500
     0.53130533
      2.0473010
     0.88848147
     0.40973869
     0.32319213
     0.99586135
      1.9929512
     0.38394728
      1.0010929
     0.80795092
     0.65674857
      1.9967318
      1.4175408
      1.1476556
      1.3433613
     0.56479341
      1.9330428
      1.2537004
     0.73303613
      1.6626316
      1.2821618
     0.56968081
      1.6642108
      1.0779961
      1.2308731
      1.2452762
      1.1119261
     0.65086566
      1.1352273
      1.5163040
      1.0535157
      2.2003721
      1.2695838
      1.8300934
     0.94311967
      1.4083500
     0.60349392
     0.85750337
      1.0741975
      1.7015653
     0.69825095
      1.4071511
      1.1841433
      1.0563062
      1.0621344
      1.2038434
