      1.1267731
     0.55685340
      1.1128848
      1.7357782
     0.96559159
      2.6062425
      1.0011154
     0.65781148
     0.64954190
      1.9420102
     0.26645862
      1.1707607
      1.7480183
     0.88121796
      1.0532761
      1.1945277
     0.88068307
      2.0395381
     0.94142632
     0.34932785
     0.97748409
     0.69356395
     0.67673435
     0.76040980
     0.32924200
     0.48857993
     0.95673529
      1.0478237
      1.0727293
      1.2697540
      1.0305937
     0.76228435
     0.52396944
      1.1787912
     0.84814387
      1.1936608
      1.3482567
     0.80332179
      1.2230823
      1.5743236
      1.1029744
      1.7350952
      1.2951338
      1.0654158
     0.63976042
      1.0615472
      1.8512258
      2.0989496
     0.96835267
      1.0369808
      1.3601184
      1.0099768
      1.4093262
      1.3608490
     0.85843249
     0.59992270
      1.3493122
      1.0951984
     0.47325012
     0.63148781
      1.8075808
     0.96001991
     0.71733600
     0.48579579
     0.99811341
      1.4355870
      2.2858080
     0.88736803
      1.7427323
     0.93313662
      1.7136582
      1.2490850
     0.94776368
      2.2773029
     0.90591048
     0.80124967
      1.5150639
     0.46865780
      1.3261008
     0.46209690
      1.3283788
      1.4910050
     0.93729102
     0.53925876
      1.5374446
      1.2643471
     0.85112864
      1.2081547
     0.97576601
      1.1116463
      1.1641869
     0.34024857
     0.73977251
      1.6668236
     0.65110067
     0.69320667
      1.3589715
     0.84677065
     0.71931004
      1.6340052
