     0.97779723
      1.1018505
      1.6924723
     0.90450648
      2.0156718
      1.8380351
     0.70648788
      1.1473653
      1.0926372
     0.86220345
     0.26781585
      1.2353372
     0.68240394
     0.72859418
      1.0991967
      1.3172230
      1.1152623
     0.19224045
      1.5876001
      1.0822036
     0.72428472
      1.2157351
     0.76102229
     0.41822784
      1.3648601
     0.97530220
     0.68237192
     0.88612440
      1.3521201
      1.2288586
      1.8972920
     0.79511322
     0.57629610
      2.0165075
      1.3749738
     0.87216668
     0.95723723
      1.8172992
      1.3453295
     0.60746786
      1.1631046
      1.5118514
     0.94038179
      1.1576989
     0.93772759
      1.6885138
      1.8447819
      1.3401905
      1.7837730
     0.42150510
     0.43290470
      1.1079187
      1.5595614
      1.5329145
      1.1813903
     0.90869866
     0.48825168
     0.72762437
      1.6966687
      1.1256605
     0.61213181
     0.45984355
      1.7616905
     0.91744145
     0.77294952
      1.1989124
      1.4102195
      1.0009633
      1.6362210
      1.6533919
      1.5554070
     0.96345874
      1.8612425
     0.91660385
     0.60803589
      1.1521662
      1.1830268
     0.96651777
     0.44589064
     0.66763373
      1.3985290
      1.1726914
     0.90093105
      1.2936558
      1.1549254
      1.9291276
      1.2114035
     0.55297140
      1.3401027
     0.97838976
      1.7204991
     0.75191015
      1.1501291
      1.2872774
      1.5141555
      1.9053147
      1.1662078
     0.91735617
     0.14167012
     0.58485976
