     0.79042283
      1.0495121
      1.1715256
      1.2151630
      1.1566614
     0.29925616
      1.6271751
      1.2909575
      1.5101107
     0.80829143
     0.90597999
     0.93538541
      1.0637604
      1.5514005
      1.1395911
      1.7294630
     0.39045181
      1.6819778
     0.34039906
     0.35354350
      1.8770602
     0.69693669
      1.3877143
      1.1276224
      2.1752554
      1.7351712
     0.59563671
     0.66516151
     0.77903810
     0.14718865
     0.93238281
     0.51643093
      1.6150710
     0.53723613
     0.73845585
     0.80477031
     0.46177782
      1.4172587
     0.38530739
     0.28592577
     0.89497809
     0.57473715
      2.2486826
      1.0421773
      1.3661490
      1.0666914
     0.34113943
      1.7327198
     0.61240066
     0.99349652
     0.37356224
      1.0069987
      1.0819719
      1.4211977
     0.48916113
      1.1889606
      1.4363799
      1.2206448
     0.98735021
     0.37273852
      1.5873201
     0.74121114
     0.88619749
      2.3900518
      1.1979349
      1.0625637
      1.3826043
      1.1734180
     0.86878480
     0.83355062
     0.36359754
      2.1094823
      1.4777972
      1.2640289
      1.1040679
      1.8825313
     0.32356483
      1.1580776
     0.38863833
      1.3281879
     0.94401197
      1.2799457
     0.45377711
      1.1288894
      1.8971073
     0.78177136
      2.4035451
      2.1835449
      1.5564822
     0.93570930
      1.1918854
      1.5769795
      1.0351774
      1.8464674
      1.4391593
     0.84289664
      1.7778577
     0.72571849
     0.97322003
      1.3224927
