     0.86198900
     0.91811395
      2.1555662
     0.35062222
      1.3485826
      1.2201940
     0.99425592
      1.0086666
      1.0881920
     0.69747076
      1.3902315
     0.82657993
     0.37216640
      1.9290482
      1.5886915
     0.20795638
      1.5567837
      1.3706074
     0.66826617
     0.65781073
     0.68240306
     0.79734772
      1.7157220
      1.6048468
     0.98573388
      2.0430643
     0.59462244
      1.6509119
      1.2773849
      1.2988645
     0.97782254
      1.1108109
     0.87271867
     0.43165214
      1.4478512
      1.3501622
      1.0811375
      2.0261386
      1.3182096
     0.29881068
      1.0539028
      1.2124185
     0.38317484
      1.3257942
     0.69354974
      1.2519918
     0.88173755
      1.4270218
      1.0598346
     0.61288210
      1.4452886
      1.1220325
     0.49926538
      1.2130961
     0.27156329
     0.45280452
     0.97885091
      1.1290111
      1.2448702
     0.45281505
      1.4125492
      1.2889103
     0.96519476
      1.2128776
      1.8703989
      2.2398914
      1.0013580
      1.8107815
     0.20153690
      1.5701132
      1.5920844
      1.6317761
      1.0828653
      1.0836188
     0.23819630
      1.1011351
     0.97776113
      1.9437566
      1.2626986
     0.41641417
     0.47992022
      1.6466894
     0.56704928
     0.87225376
      1.4554837
     0.75814273
      1.4738450
     0.90944629
      2.3936843
      1.1555548
      1.0632656
     0.77132750
     0.36333971
      1.7798622
      1.5703272
      1.0209726
     0.85365562
     0.66501925
      1.6657043
     0.73080717
