      1.4172722
     0.80559684
     0.59223835
      1.6982557
      1.1205933
      1.2293634
      2.3226798
     0.31957793
      1.2052494
     0.61131828
     0.99568854
      1.6510598
     0.75633622
      1.0163929
     0.61179774
     0.47649871
     0.79992457
     0.98469093
     0.60186413
      1.1378606
      1.8172573
      2.0440426
      1.0922182
      1.2473553
     0.78609532
      1.2236035
      2.1972116
      1.0991124
     0.53766965
      1.0163678
     0.84606071
      1.5676074
     0.86067150
     0.84998629
      1.6089438
     0.96971637
      1.8573509
      1.2964022
     0.48457947
     0.88696988
     0.92865775
     0.57198504
     0.41217328
     0.22661612
     0.95908688
      1.1164195
     0.62035807
      1.1603688
     0.73248658
     0.61339342
      1.8361018
      1.7660068
      1.9685740
     0.72157590
      1.2720523
      2.2311863
      1.2410699
      1.1340260
     0.79619606
      2.3292545
     0.98969610
     0.29786522
      1.2328580
      1.1242926
      1.8364946
      2.1144654
      1.5595232
      1.2712211
      1.1364256
      1.2806521
     0.60309196
      1.1810591
      1.4822532
      1.2978228
      1.5492756
     0.56276468
      1.4987339
     0.49494733
      1.2737668
      1.1325137
      1.0037514
      1.5261675
     0.40036828
     0.78974817
      1.4467013
      1.9454602
     0.32835590
      1.4502778
      1.0062147
     0.86001151
      1.9352555
      1.1264373
      1.2691859
     0.77273395
      1.5556741
     0.59720188
     0.31040305
      1.2276046
     0.34482525
     0.91645755
