     0.49972855
     0.64659594
     0.67051353
     0.86968755
      1.1386255
      1.2713793
     0.55201183
      1.2971528
     0.64738358
     0.91056263
      1.1307206
      1.4776513
      1.5686211
     0.86694601
     0.70631961
     0.51567356
     0.90544211
     0.92906133
      1.4397715
      1.7934022
     0.70432910
      2.0360968
      1.1190121
     0.73589500
      2.4626851
      1.4286226
     0.95412988
      1.7487096
      1.5981242
      1.9656135
     0.74232215
      1.7504852
      1.0621367
      1.3631141
      1.1853602
     0.84424087
     0.78203135
     0.67920168
     0.96249042
     0.87524904
     0.25395562
      1.5994230
     0.74713215
     0.49183092
     0.63030015
      1.5114538
     0.76699786
      1.6606710
     0.26833168
     0.50418284
      1.9400207
      1.0063047
      1.3063763
      1.5813456
      1.8058101
     0.93212889
      1.0508722
     0.76141528
      1.5535646
      1.2453707
     0.75569390
     0.19889637
      1.0078233
     0.68077221
      1.7807020
     0.58000467
      1.4144209
     0.94936383
     0.93610573
      1.7517895
     0.74601865
      1.3471298
      1.4221578
     0.58823894
     0.87017104
      1.6595866
     0.96737512
      1.4721964
      1.4972547
      1.2096756
      1.4874220
      1.2736940
     0.51627715
      1.4220138
     0.61529410
     0.69842679
      1.0060357
      2.1334591
      1.5860866
     0.81202884
     0.86108392
     0.67039428
      2.4416275
     0.76691902
      1.2656854
     0.75977596
      1.4268574
      1.4384968
     0.68261723
      1.7249632
