     0.66420773
     0.57920583
     0.91800499
     0.73907647
      1.3526796
     0.60328668
     0.66198089
      1.9991361
      1.3465808
     0.69978759
     0.49168172
      1.3468718
      1.6559131
      2.3825256
     0.55752543
     0.56084283
      1.1855438
      1.3010983
     0.63502451
      1.8446509
     0.98086280
      1.1990638
      1.8806056
     0.48988230
      1.4494424
      1.4234155
     0.90472861
      1.3150136
      1.1397109
      1.0867081
     0.24102548
      1.9933317
      1.3418634
      2.3496415
     0.92655550
      1.3714048
      1.1805495
      1.4855777
     0.86330381
     0.81451901
      1.3687362
     0.52474421
     0.99149912
     0.63764780
     0.57618538
     0.22135795
      1.0715484
     0.79239372
      1.6622537
      1.7009517
     0.87617615
      1.2421822
     0.44591036
      1.0830198
      1.6602146
      1.2021875
      2.1049984
      1.2714888
      1.3424024
      1.0818348
      1.6036577
      1.4164941
     0.89932111
     0.65377041
      1.6549243
      1.0891518
      1.4921600
     0.37695083
      1.2151581
     0.98243312
      1.6778979
      1.5433635
     0.71393160
      1.7218843
     0.92090393
     0.96704785
     0.16492183
      1.2274495
      1.6363584
      1.5803223
      1.7526375
      1.4035489
      1.2317354
     0.31999462
      1.2304636
     0.65188451
     0.84604234
      1.1478862
      1.9496664
     0.99219066
      1.0357182
     0.89394222
      1.5770404
      1.2548910
     0.70951458
     0.78296825
     0.70507495
      1.2228150
      1.1114601
     0.87777940
