     0.40300780
     0.49351625
      1.2111300
      1.2517552
      1.6827809
     0.18177672
      1.7271004
      2.0016120
      1.6430966
      1.7658738
      1.2549560
      1.2858172
     0.47172510
     0.97415374
      2.2786230
      1.0737902
      1.6663211
      1.1529657
     0.58292677
      1.0661035
     0.59673694
     0.98419276
      1.4381266
     0.60890660
      1.9174204
     0.65504984
      1.2749125
     0.52565883
     0.93281778
      1.4242336
     0.56372641
     0.90116205
     0.79599668
     0.62630204
      1.4641126
      1.7316874
      1.2248350
     0.90635328
     0.90367475
      1.5219992
     0.56381896
     0.99884680
      1.0282816
     0.59056430
      1.0512133
      1.3693868
      1.9667356
      1.5242066
     0.49533919
     0.51691534
     0.35818423
      1.1204882
      1.4124558
      1.6684154
     0.74726159
      1.0988739
      1.9639658
      1.2271474
      1.1339529
     0.97212260
      1.4419513
      1.2089109
     0.91006420
      1.1449700
     0.53103570
      1.1536898
      1.0226499
      1.5385444
     0.28287097
      1.9057623
      1.5994983
      1.4859957
      1.6845138
     0.47343622
      1.0985075
     0.48479325
      1.2964210
      1.5709355
     0.43388415
      1.1538486
      1.2419969
     0.71914111
     0.57128539
      1.4537908
      1.2752294
     0.35338887
      1.3752613
      1.2885384
     0.67650876
      1.5402027
      2.4095954
     0.49617486
      1.5839305
      1.6251235
     0.64017037
     0.47357951
      1.0370941
      1.2254554
     0.81347220
      1.8392915
