      1.5084464
     0.37027804
     0.92127199
     0.41938405
      1.3959642
     0.84367839
     0.40930120
      1.7251393
     0.94362210
      1.0228381
      1.1110242
     0.88192254
      1.1595411
      1.9644414
      1.5395859
     0.86294104
     0.74940837
      1.3357804
     0.97310248
      1.5956159
     0.36333725
     0.97831620
      1.0957423
      1.1260410
      1.2650358
      1.3505837
      1.1336900
     0.90774173
      1.5981117
      1.6606002
     0.62327587
      1.9241059
      1.9028362
     0.69968352
     0.35560346
      1.0159335
      1.1259119
     0.66432781
     0.34400936
     0.67502213
      1.0017369
     0.60173403
      1.6016924
      1.0684432
      1.4003932
      1.2861710
      1.3627774
      1.5124843
      1.0173652
      1.4162936
     0.90676534
     0.93536344
     0.95504714
     0.54251338
      1.6260894
     0.78477632
      1.1137573
      1.8480960
     0.37863340
     0.89067813
     0.67209476
      1.7489772
     0.83636502
     0.62258170
      1.9017037
     0.88991531
      2.0745997
      2.2216081
     0.84476557
      1.4200879
      1.5601627
     0.81876780
      2.3024487
      1.4594304
      1.0935687
      1.4558077
      2.0821391
      1.4662861
      1.6645673
     0.40724150
     0.61420581
     0.88832986
     0.97855824
      1.0966056
     0.83535684
      1.7068804
     0.80280350
      1.0353918
     0.31140546
      1.3307801
     0.74925252
     0.98447858
      1.0480544
      1.5280289
      1.4653299
      1.4198380
      1.7136728
      1.4428935
     0.84618781
      1.4548013
