      1.2312802
      1.4384875
      1.2320882
      1.0952636
      1.8320535
      1.4837315
     0.60126508
     0.47807928
     0.72549882
      1.5772442
      1.1029814
     0.93344473
     0.62264398
      1.1837737
     0.93096612
     0.67870310
      1.4604378
      1.0084227
      1.3396619
     0.45094856
      2.0012309
      1.1546667
      1.4045438
     0.45284331
      1.0461771
      2.0580101
      1.2660053
      1.0114058
     0.36068654
     0.83970328
     0.51227935
     0.94583869
      1.2277039
      1.4385755
     0.65789048
      1.1817047
      1.1218223
      1.5197256
      1.5817921
      2.0206108
      1.3756706
     0.58770987
      1.6530791
     0.64503341
     0.22180286
     0.58692952
     0.74473078
      2.0481298
      1.1375948
     0.78789158
     0.82325907
     0.79458287
     0.34671280
     0.35197088
      1.6689611
     0.31720877
     0.72165625
      1.0303421
      1.4875925
      1.1874431
      1.5180904
     0.34883072
     0.30734729
      1.2676748
      1.4595843
      2.1287328
      1.0573709
     0.95959479
      1.4828651
     0.95444905
     0.86319605
     0.85190266
     0.94512308
      1.0142498
     0.86254497
     0.80169900
      1.3444008
      1.7418197
     0.56044655
     0.69592103
     0.72288476
      1.3044178
     0.80515457
     0.55955161
      1.0014628
     0.25146187
      1.3600125
      2.7121056
      1.8723518
     0.79362738
      1.1521913
      1.2905143
      1.0246872
     0.46933302
     0.98379441
      1.0924159
     0.70879678
      1.2421904
      1.3983619
      1.2209816
