      1.4307471
      1.5871769
      1.9160227
      1.5987775
      1.0623406
      1.7761703
      2.1011902
      1.2366560
      1.2291559
      1.2569984
      1.5631403
     0.19351062
      1.6393238
     0.83095107
      1.2932377
      1.1384514
     0.74615812
      1.5371033
     0.77497733
      1.4353405
      1.9761303
      1.0384819
      1.5378081
     0.93195896
     0.69558541
      1.4961979
      1.6938350
     0.28365750
      1.2649776
      1.6576664
      1.7271874
      1.4819153
      1.3916476
      1.6741493
     0.47697718
     0.73836169
      1.1380955
      1.1916120
     0.72974408
      1.2621542
     0.37095306
     0.77753692
     0.70125897
     0.68624733
     0.83749841
     0.41036842
      1.3906978
     0.52053147
      1.3307993
     0.49687528
     0.64258304
      1.2829697
      1.3388588
     0.65696514
      1.0131315
     0.80975240
     0.25288409
      2.0979058
     0.95680261
      1.7636591
      2.2133670
     0.73862942
      1.3298400
     0.99395593
      1.1172243
     0.96079339
      1.1772037
      1.4489728
      1.5907094
      1.6057769
     0.89353652
      1.3604227
     0.32233081
      1.4932146
     0.28888808
     0.91301674
      1.0496854
      1.1065354
     0.79590632
     0.44375747
      1.0089963
      1.4285978
      1.3045896
     0.97808030
      1.2470037
      1.0398642
      1.4490768
     0.40004467
      2.5880210
      1.3581665
      1.4831379
      1.7415854
     0.70634252
      1.6976257
      1.2135787
     0.12922985
      1.4969860
     0.90157367
      1.8299817
     0.72091701
