     0.53374646
      1.9175616
     0.75086912
      2.1292416
     0.84269767
     0.74150330
     0.54977763
     0.63085909
      1.3014109
      1.3305883
      1.3420410
      1.0439385
      1.0311982
      1.1068658
      1.8843659
     0.40439451
      1.8470856
      1.7458730
     0.79546569
      1.8443662
     0.51768658
     0.75651721
     0.70155513
      1.2227739
      1.3166969
     0.70529778
      1.3889457
      1.2891804
      1.7245142
      2.3942275
      1.6070570
      1.0236126
      1.1628117
      1.0326467
     0.24523446
      1.1540968
      1.0923960
     0.88127635
      1.5126037
     0.26094240
     0.56388312
      1.2543156
      1.1649983
      2.3007262
      2.2501423
      1.5269131
      1.9301558
      1.2630371
      1.8195685
      1.7316858
     0.59202094
     0.97958706
      1.0792679
      1.2668710
     0.87777263
      1.2444383
      1.6950821
      1.0429168
      1.6741302
     0.57672435
      1.1429992
      1.4015642
     0.49292762
      1.1966202
      2.2687714
      1.4417981
      2.7771999
      1.7458881
      1.6433497
      1.6050372
     0.70874091
     0.96946738
      1.0027313
      1.4795615
      2.0564702
     0.65388460
      1.0802750
      1.2648162
      1.2712851
     0.60223128
      1.4198039
      1.4509286
     0.56452794
      1.2448430
      1.3879805
     0.97486377
     0.73799116
     0.84256933
      1.4348840
      1.4483447
      1.9974920
      1.9887089
     0.90918179
      1.3028755
      1.0060136
     0.81139387
      1.1526504
     0.65633700
      1.4190555
     0.38748914
