     0.53994351
      1.8720390
     0.56493676
      1.1485224
      1.9097931
      1.2373151
      1.5025928
     0.75470114
      1.5857732
     0.99718076
      1.6176573
      1.0347250
      1.7447150
      1.0299213
      1.0631273
     0.81774703
      2.6064452
     0.16598092
      1.6741315
      1.3106516
      1.7957812
      1.3156674
      1.6565485
      1.2119925
     0.46175388
      1.4000180
      2.2777004
      1.0453250
      1.6559841
     0.83650857
      1.5945374
      1.6647289
     0.38270262
      3.3361634
     0.54606987
      1.0878957
      1.8043810
     0.48416511
     0.74875231
      1.3811002
     0.93822507
      1.2446371
     0.80604637
      1.3483718
      1.0124758
      1.3739758
      1.2292283
     0.58575598
      1.0482316
      1.1164005
     0.57034999
     0.55906812
     0.87345893
     0.47342854
      1.3792183
      1.0280353
      1.1904131
      1.4073281
     0.67474502
      1.6440795
     0.64041007
     0.87158335
      1.9825156
      1.2634226
     0.32928475
      1.0573579
      1.4400295
      1.5738678
      1.2428934
      1.2805052
      1.0385551
     0.30385349
     0.27339402
      2.3521759
      1.3684059
     0.84891418
     0.73761165
      1.6734450
     0.71649553
      1.7718307
      1.3347665
      1.5913696
      1.2091405
      1.7255672
      2.2366572
      1.4109226
      1.3671199
     0.56473558
      1.1148538
      1.1140364
     0.42024737
      1.0443325
     0.92331280
     0.57322957
     0.89737215
      1.0412509
      1.7223093
      1.2778351
     0.85935859
      1.0760146
