      1.3458339
     0.71135281
      1.5743443
      1.1494947
     0.83191033
      1.1755860
      1.8586382
      1.0205260
      1.5811726
      1.2653898
     0.77424946
     0.52953600
      1.0993657
     0.62275448
      1.5914002
     0.63306530
      1.3107687
      1.2261661
     0.52423431
      2.5458238
     0.93566173
     0.93016403
     0.99910829
      1.2784153
      1.3580691
      1.0878256
      1.5954479
     0.81891821
     0.62726930
      1.0574159
     0.85303133
      1.4892694
     0.91931025
      1.2928925
      2.0810565
      1.0355569
     0.68267070
      1.1925334
      1.0872933
      1.7420650
     0.74566097
      1.1965630
      1.5313467
     0.87857661
     0.44539921
     0.70361062
     0.78456913
     0.70953715
      1.5172806
     0.88448331
      1.4610233
     0.72625290
      1.6616158
     0.65568375
     0.88184269
      1.2248570
     0.76292200
      1.0805485
     0.86173275
     0.81315912
      1.3024699
      1.7288132
     0.76378398
      1.0145774
      1.5263934
      1.0886007
      1.2726903
      1.2507364
      1.2424140
     0.87106139
      2.0632859
     0.83901577
     0.95659761
      1.5591967
      2.0600221
      1.3950203
      1.3083203
     0.89508722
      1.6673928
     0.41207423
     0.82711578
      1.5344647
      1.1834562
      1.7784925
      1.4689523
      1.6523154
     0.77422204
      2.1007268
      1.8145498
      1.5087406
      1.5174434
     0.45848831
     0.96714791
     0.38519971
      1.2762612
      1.6599087
      1.7233740
      1.3889138
     0.66752831
      1.8551104
