      1.9804495
     0.65778555
      2.0135004
     0.96295520
     0.10627407
      1.0380502
      1.4369824
     0.44373093
      2.1554531
     0.68803573
     0.57500194
      1.5690591
      1.2942239
     0.65346563
      1.5586237
     0.61205430
      1.4110164
      1.3498768
     0.64181638
      2.2880654
     0.81895522
      1.8845809
     0.85158074
      1.2568758
     0.56565825
     0.80026719
     0.70385691
     0.86343773
     0.62180024
      2.0141907
      1.0932167
     0.53692893
      1.5728958
      1.0415389
      1.1937871
      1.1236627
      1.3865845
     0.40585409
     0.93062848
     0.96537707
     0.91560402
     0.99487089
     0.57281111
      1.4788554
      1.2126961
      1.0700154
     0.72830790
      1.3760079
      1.4656019
      1.5849539
     0.41176906
      1.1724027
      1.9044985
      1.8520795
      1.0604086
     0.65558080
      1.4333269
     0.91952139
     0.58509777
     0.90651199
      1.0909881
      1.0905465
      1.3981995
      1.0490496
     0.43861879
      1.2351700
      1.1840284
      1.5037444
      1.1490756
      2.1804782
     0.67321864
     0.81090506
      1.1127395
      1.2285654
     0.95180994
     0.15617980
     0.88143936
      1.0264193
      1.2489172
      1.2642479
      1.5319054
     0.89202519
     0.85100154
     0.88206449
      1.7152568
      1.2166125
      1.6038590
     0.50701836
      2.0319946
      1.4119265
      1.2139726
     0.95399905
      2.1050215
      1.9568004
      1.9598370
     0.78332427
      1.5657948
      1.1307171
     0.82665020
     0.91624409
