     0.89727859
     0.92012413
      1.5875454
      1.5065119
      1.6898668
      1.7687228
     0.86545066
      1.1936607
      1.1867406
      1.2460248
     0.88106218
      1.1951433
     0.26175313
      1.2803424
     0.94271141
     0.87519582
      1.8929737
      1.1747673
     0.57300396
     0.45053259
      1.4911514
      1.0058694
      1.3732001
      1.3600699
     0.75883591
     0.72719913
     0.85799557
      1.3504829
      1.2951511
      1.3139257
      1.6436367
     0.51749198
     0.68924164
      2.2165591
      1.2430365
      1.5081069
      1.4900147
      1.3930303
      1.7755058
      2.0703707
     0.80763938
      1.7988051
      1.6890367
     0.64248814
     0.76406022
      1.1443848
      1.3211177
      1.2118141
      1.6406718
      2.1837257
      1.6613973
     0.98435523
     0.40655109
     0.36258077
     0.44499705
      1.6596336
     0.60872487
      1.2864790
     0.93133236
     0.55864170
     0.85073859
      1.6567043
     0.79483895
      1.2220370
     0.99521527
      2.2056344
      1.5174571
     0.91207150
     0.87362737
     0.61153273
      1.0976107
      1.8706898
     0.82584848
     0.94669682
      1.2013116
     0.65252778
     0.62329509
     0.89217282
     0.86532487
     0.71695387
      1.7506456
      1.0838216
      1.0074560
      1.2647396
     0.52912945
      1.0437259
      2.5295022
      1.7084814
      2.0034336
     0.77425307
     0.44410143
     0.46479011
      1.0974016
     0.93606451
      1.7604521
      1.8624856
     0.88028710
     0.97936215
      1.0671335
      1.2381397
