      2.5946942
     0.87204357
      1.2692167
      1.1136451
      1.5784147
      1.6732878
      1.0182940
      1.0893196
     0.63897255
      1.4025345
      1.2619573
     0.51223364
     0.49674685
     0.42575506
      1.0082370
     0.72989140
     0.20316506
     0.59139743
      1.2496799
      1.3388631
      2.3034589
     0.82899248
     0.94611820
      1.0251415
     0.95722312
      1.8531399
      1.1156626
     0.84100058
     0.86688960
      1.2395776
      1.9613198
      1.5596646
      1.3222714
      1.1175783
      2.1596011
     0.55621874
      1.4509243
      1.3230553
      1.2347637
      1.1925962
      1.0519145
      1.3039883
     0.49167644
      1.6508414
     0.93040095
      1.9380707
     0.87467550
      1.9811128
      1.0438213
     0.42705814
     0.97296041
      1.1629714
      1.0392908
      1.4163967
      1.3994398
      1.1772864
      1.3826636
      1.6823471
      1.5320870
     0.53914194
      1.5152535
      1.0766202
     0.66879956
      1.2715115
      1.0267145
      1.1366728
     0.49305093
     0.76739006
      1.1406803
     0.59780634
      1.1200235
     0.59628294
      1.6885079
     0.57810366
      1.1958854
      1.3836397
     0.40055094
      1.3418700
      1.1482805
     0.97227689
     0.49275227
      1.9775794
      1.6399642
      1.5396761
     0.58977516
      1.3073757
      1.2771076
      1.0167291
     0.80922022
     0.98818613
     0.83418576
     0.56045988
      2.0012058
     0.69023050
      1.3363372
      1.1772760
      1.8673684
      2.0051830
      1.3545982
      1.4124111
