     0.29421823
      1.4811673
      2.6035928
     0.84357624
      1.2224886
      1.8795176
      1.7928317
      1.6612325
      1.1496015
     0.42360343
     0.90162226
      1.0382452
     0.78643909
     0.88196805
     0.60360335
     0.69060829
     0.93831247
      1.3590646
      2.1816415
     0.66028730
      1.0248654
      1.8779755
     0.94553597
     0.99189904
      1.4007289
      1.1778081
     0.29571617
      1.1512256
     0.68693520
      1.6784663
      2.5400073
     0.76215430
     0.58289935
      1.2407292
      1.0200664
      1.4050667
      1.0937024
      1.3023727
     0.83453726
     0.58346318
      1.6061188
     0.33055910
      1.3359123
      1.1477146
      1.1737935
      1.2514606
      1.2536994
      1.5237442
      1.7870589
      1.2455515
      1.1018353
      1.8758216
     0.54051730
      1.0874455
     0.39441826
      1.2555512
      1.3350910
      1.3501498
      1.5807771
      1.4970590
      1.3428023
     0.95020691
      1.2512022
     0.19830997
      1.5450807
     0.93341476
     0.74439084
      1.5860733
     0.51738592
     0.57463839
      1.7966985
     0.80253373
      1.5298743
      1.7980145
      1.8471370
      1.2312760
      1.2388108
      1.3084902
     0.89195509
     0.79247540
      2.3173159
      1.4657544
      2.3123593
      1.1557043
      2.1655803
     0.97484957
      1.0424904
     0.73915385
      1.3053263
     0.64384249
     0.65323858
      1.7098528
      1.8786136
      2.1515486
     0.73548542
      1.1714452
      2.2828184
      1.4040800
      1.9058954
      1.4956013
