      1.4052792
     0.94451136
     0.87033991
      1.0857741
     0.64255548
      1.5007686
      1.6115968
      1.5536916
     0.31712877
     0.66544430
     0.79741711
     0.98333241
     0.69966042
      1.4612878
      1.2833841
     0.68762332
      1.3995944
     0.97348547
     0.81640528
     0.55354526
     0.33440391
      1.3965792
      1.3471779
      1.5328323
      1.0002691
     0.57427685
      1.6770023
     0.73152859
      1.0573372
      1.1953791
      1.7389190
     0.85749356
      1.1418583
      1.3581083
     0.68506717
      1.2728081
     0.55576189
     0.28304719
      1.1888342
      2.7293371
     0.98927456
     0.85572683
      1.1758954
      1.0856313
      1.0090886
     0.86499150
     0.48613059
      1.1343068
     0.85976028
      1.6967416
      1.3227342
     0.95001341
     0.93603365
      1.4974199
      1.9458071
      1.0508978
      1.3357503
      1.3780267
     0.93976523
      1.9184910
      1.1388971
      1.9619148
      1.1864520
      1.2771382
     0.74445171
      2.1085507
      2.0298015
     0.77430267
     0.90360428
      1.2069829
     0.78202090
      1.0118896
     0.81258901
      1.9348011
      1.4812863
     0.71992377
     0.55153108
      1.0928684
     0.76490879
     0.13900574
     0.99464253
     0.75875217
      1.1997617
     0.64478857
      1.6313523
     0.96503551
      1.3617734
      1.0856161
      1.2328766
      1.7917473
     0.94864016
      1.0217448
      1.9081408
      1.2704537
     0.95070997
     0.34623914
     0.65444881
     0.75400106
      1.8002008
     0.70498714
