     0.89380990
     0.59355650
     0.64360740
      1.6205842
     0.58196691
      1.4368206
      2.4692008
      1.1957956
      1.2889894
      1.6721476
      1.0660916
     0.90828055
     0.93845065
      1.3668618
      1.3316991
     0.70540236
      1.8374004
      1.1649785
      1.5145343
     0.22654618
      1.8754124
      1.0971681
     0.47867644
      1.3616874
      1.1903429
      1.1166628
     0.54110110
      1.7651720
      1.7194278
      2.3907091
     0.87819791
     0.16360414
     0.72294353
     0.90531464
      1.2039377
      1.4157199
     0.74967988
     0.68759778
      1.6023451
     0.89047882
     0.67391485
      2.0343305
     0.81604962
     0.87420289
     0.64232493
     0.56593124
     0.67263500
     0.70312242
      2.1148153
      1.7929527
      1.5858163
      1.5659209
      1.1302576
     0.74344892
      1.1385578
     0.89799952
     0.92013696
     0.24703439
     0.25543099
      1.8798178
     0.65567030
      2.4233704
     0.95153187
      1.4947864
     0.96241762
      1.6581560
      1.4522666
     0.36831044
      1.3094595
    0.098669711
      1.0645111
      1.2826522
      1.6835693
     0.81502477
     0.94049878
     0.56965086
     0.42062908
     0.81464199
      1.2125897
     0.83624646
      1.2966449
      1.0282220
      1.4190648
     0.94422553
      1.0391992
     0.67960007
      1.6147364
      1.2820742
     0.82035822
      1.1711846
     0.65145314
      1.2307404
     0.45225267
     0.83978773
      2.4169364
      1.3257273
      1.3806560
     0.79138619
     0.54737212
     0.90166886
