     0.70398792
      1.3510477
      1.6239021
      1.0654984
      1.5840768
      1.4533693
      1.3289665
     0.69367018
      1.7120171
      1.5648363
     0.38725846
     0.42174269
     0.57446195
      1.2785048
      1.0112435
      1.9059694
     0.67075284
      1.8815247
      1.1811448
      1.5361537
      1.2868526
      1.1198544
     0.42227918
     0.65486524
     0.51815623
      1.7652874
      1.2906095
      1.4942323
     0.97750074
      1.7913252
     0.38757660
      1.6740302
     0.60749407
      1.8534350
      1.2837097
     0.95861169
      1.8709700
      1.2928957
      1.2053909
      1.2692764
     0.87021757
     0.72944744
     0.72109455
      2.4046521
      1.2130880
     0.56991170
      1.0642577
      1.3311254
      1.5080446
      1.0776764
      1.5217056
      1.5823525
     0.61915232
      1.1839189
      1.1536514
     0.90360254
     0.52130486
      1.6746652
      1.2704781
     0.57337721
      1.2055108
      1.9199412
      1.6178193
     0.96993093
     0.79497816
      1.6381548
      1.6826711
     0.52406661
      1.4175135
     0.50291832
      1.3562379
      1.0346914
     0.40374508
     0.41630131
      1.0000722
     0.68188456
      1.3059293
      1.4242925
      2.5600757
     0.66936350
     0.78131312
      1.4614298
     0.97378762
      1.7147856
      1.5540668
      2.1407823
      1.5678497
      1.3485015
      2.0001141
      1.3834030
     0.21423430
      1.6802082
      1.3319478
     0.77749164
     0.74648340
      2.0719643
      1.7470992
     0.81492403
     0.89884956
      1.0123084
