     0.46035261
      1.2973055
      1.4838914
     0.82229148
      1.5754776
      1.5259756
      1.0593457
      1.0683805
      1.1951102
      1.2799859
      1.8466267
      2.2260319
      1.6170718
      1.1587449
      1.3606133
     0.44740547
      1.4978309
      1.1767318
      1.2923520
     0.61117529
     0.30063662
      1.5074256
     0.58835960
      1.3692666
      1.1434508
     0.37187524
      1.2046045
     0.50744247
      1.3326144
     0.35595560
      1.0774829
     0.88957568
     0.68105504
      1.0839980
      1.3201156
     0.83716191
      1.2738550
      1.0612023
      1.4978955
     0.84920364
     0.70964264
     0.75109366
      1.1028226
     0.70400065
     0.69693133
      1.1766532
      1.5515993
      1.6050917
     0.72556924
      1.2885445
      1.2275658
      1.2531416
     0.22279242
      1.4131162
     0.60186425
     0.80029244
     0.99083537
      1.7272073
      1.4629158
     0.54351064
      1.5099737
      1.0692394
      1.6540922
      1.7246228
     0.82985253
     0.71814755
     0.63447357
     0.48846678
      1.5875440
     0.65506822
      1.3129507
      1.1975383
      1.8055698
      1.1471538
     0.52056496
     0.40714283
      1.3229765
     0.94736435
     0.70926918
      1.8901043
     0.25613291
      1.6208501
      1.4499995
      1.4858509
      1.8270004
     0.98694399
     0.62310026
     0.96158711
      1.4092109
      1.0735641
      1.7644356
     0.82417186
     0.41607362
      1.6293028
     0.68160640
      1.8070059
     0.73537346
     0.62478220
      1.5005498
     0.68245905
