      1.2973424
      1.8271652
      1.4429880
     0.65507741
      1.9193717
     0.99392711
      2.0041380
     0.94974866
      1.3484863
      2.3578550
     0.93576316
     0.21150817
     0.97895292
      1.5853169
      1.7774608
     0.44884508
     0.39066573
     0.93265314
      1.3924099
      2.1173451
      1.5546795
     0.83199800
     0.77387956
     0.97236934
     0.76816945
     0.54864106
     0.90734001
      1.2866990
      1.2615305
      1.0907075
      1.4485793
      1.2605398
      1.7613345
     0.97622817
     0.86464081
      2.5294422
      1.2132094
      1.1582143
     0.83740725
      1.3029453
      1.0077076
     0.72015524
      1.5092782
      1.5912957
     0.98569009
     0.81370129
      1.2178365
      1.0158429
     0.41066733
      1.2117931
      1.5151040
     0.85447742
     0.80598111
     0.65088824
     0.69800157
     0.10953900
      1.1477307
     0.70480778
      1.3124887
      1.1043348
      1.4339571
     0.68181668
      1.3076170
      1.2457410
     0.95237715
     0.90415591
      1.2781249
     0.73945968
      1.7027572
     0.82974517
     0.75014203
      1.6138210
      2.1126607
      1.3649353
      1.3712772
     0.78110740
      1.3726577
      2.2835470
      1.0579027
      1.2070984
      1.4905071
     0.75128797
     0.72022659
     0.81180287
      1.1201725
     0.60231578
     0.89586914
     0.78918522
      1.1702218
     0.79822953
      1.0064995
      1.2826076
     0.93139321
      1.3231711
      1.1635720
     0.94188817
      1.6147337
      1.0200110
      1.5788945
      1.1936891
