     0.52182160
      1.0697187
     0.55480273
      1.0080475
     0.99237712
     0.90237440
      1.5301716
     0.22845922
     0.95740695
      1.9408872
     0.53254551
      1.5548370
      1.3450098
      1.8465226
      1.1137307
      1.4120716
     0.59363350
      1.7188088
      1.4403740
      1.8673162
     0.51623169
      1.5714019
     0.18017624
      2.4912878
      1.2860464
     0.93558066
      1.1143795
      1.1488699
     0.55944395
      1.2334109
     0.80767485
      1.9170524
      1.6310658
      1.2518086
     0.21697938
      1.3449348
      1.2520285
      1.5343839
     0.87299493
     0.40664617
     0.78681820
      1.3353491
      1.0383222
      2.2059004
      1.9470350
      1.6533104
     0.94186967
     0.71553665
      1.3188823
      1.7007895
      1.2111331
      1.3210988
     0.97778191
      1.4631676
      1.5797315
      1.1663469
      1.3743641
     0.74705372
      1.0234497
     0.88906061
     0.98572592
      1.2873174
      2.0864605
     0.84812520
     0.96480271
     0.44170234
      1.7163517
      2.3224772
     0.60491680
      1.1603889
     0.77185690
     0.68626138
      1.2317668
      1.0137336
      1.1971551
     0.47792567
      1.2253059
      1.9274492
      1.2210947
      1.3207845
     0.60170250
     0.57226342
      1.8554560
      1.0718793
      1.4042826
      2.3328268
     0.36568985
     0.80961143
     0.91254218
     0.80747925
      1.1783986
      1.2914319
     0.41438783
     0.17460514
      1.2537051
      1.0872713
      1.1258679
      1.0109980
      1.8457822
      1.6914785
