      1.2314030
      1.4616310
     0.66109917
     0.91308845
      1.6317366
      2.2224066
      1.8634898
      1.0965918
      1.1899932
      1.0580387
     0.94817605
      2.7960020
      1.2141584
      1.6927721
     0.87845360
      1.5428424
      1.2138758
      1.3601561
     0.97423551
     0.68914754
     0.73513777
     0.78449422
     0.51626818
     0.70804327
     0.82449370
      1.0156961
      1.4400855
      1.1107067
     0.26313901
     0.74019776
     0.78928236
      1.0393995
     0.65798184
      1.3314576
      1.8543791
      1.1907396
      1.0408469
      1.2753642
      1.3428937
     0.27114598
     0.92111622
      2.1470423
      1.1935296
      1.4167046
      1.2282059
     0.57979063
     0.64294376
     0.49919072
      1.1709573
     0.92274251
      1.3317568
     0.46340500
      1.6645030
      1.6541696
      2.1903147
      1.4986393
     0.56473066
      1.1886432
     0.60621008
      1.0843922
      1.2643346
     0.65447779
      2.3886866
     0.54967200
      1.9391352
      1.8324286
     0.72931589
     0.52116088
     0.61042959
      1.2203008
      1.0860554
      1.7618822
     0.41836383
     0.50002435
      1.2691905
      1.2621423
      1.5487344
      1.1835021
      1.0793300
     0.85973979
      2.3626891
      1.3640694
     0.80356240
      1.2532694
      1.0256434
      2.5806701
     0.53252769
     0.93261131
     0.96864337
      1.6900061
     0.55025098
     0.92237478
      1.4107267
      1.3147266
      1.8110091
     0.40092867
      2.0962907
      1.6624281
      1.2470206
     0.66407203
