      1.5892590
      1.5518899
     0.60472382
     0.81157493
      1.6528636
      1.6730065
      1.9702140
     0.82436612
      1.0913774
      1.0059761
     0.30407678
     0.95249794
      1.1989911
      1.2879368
      2.4387843
      1.3380922
      1.1674264
      1.0915189
     0.57046455
     0.49885481
      1.4980986
      1.6908877
     0.84922797
      2.0513274
      1.0501410
     0.82342723
     0.40884425
      1.5805309
     0.89031315
     0.92578810
      1.1359832
     0.70771920
      1.2272482
      1.2030485
     0.66265471
      1.6248290
      1.4148195
     0.41839302
      1.1090501
      1.4346488
     0.61312430
     0.31832133
      1.3274740
      1.5536283
     0.86487453
     0.51185066
     0.52095617
      1.2510218
      1.2034201
      2.6902126
      1.0429882
      1.4365384
      1.0443619
      1.1228830
      1.1121607
     0.48684722
      1.1352184
      1.6446095
      2.0463985
      1.7662091
     0.88640591
      1.4571303
      1.1032918
      1.2189969
     0.94377919
      1.6148840
      1.5393869
      1.0031156
     0.97118802
     0.81782343
     0.62161379
      1.0509090
      1.1260073
     0.87144941
      1.5109268
      1.6111132
      1.7770623
      1.3531418
     0.84529403
      1.8557484
      2.2825206
      2.3539726
      1.4272155
     0.60313381
      1.6353221
     0.62182644
      1.6134084
     0.44204813
      1.4798960
     0.74027108
     0.82254706
      1.9760126
      1.0053485
      1.5575252
     0.79885751
      1.3958455
      1.2550932
      1.0372045
      1.8528848
     0.80155958
