      1.1111422
     0.95561289
     0.91845549
      1.4067385
     0.70704352
     0.63025852
      1.2643451
     0.98800384
      2.2287418
      1.3600019
      1.5856423
     0.45503309
     0.56397536
      1.3917302
      1.4238194
      1.1071664
     0.80474385
     0.86114608
     0.47326893
     0.76627462
      2.3959067
     0.83881093
      1.4653139
     0.85541988
     0.33564736
      1.4636813
      1.5199037
      1.4492619
      1.8478156
      1.4548523
     0.47943172
     0.89327864
      1.7016084
      2.7657090
      1.3692190
      2.1189033
     0.83963929
      1.0234410
      1.1514713
     0.61696925
      1.2806821
      1.3127990
     0.86347951
     0.54732770
     0.88896414
      1.4866143
      2.0094550
      1.1732844
      1.4490016
      2.5215155
      1.2678389
     0.29025245
      1.0366231
      1.1461070
      1.4243159
      1.1315580
      1.6333015
     0.88284737
      1.3022537
     0.56363714
      1.0418800
      1.5212789
      1.1369528
      1.3753501
      2.2103166
      1.3905822
      1.0555568
     0.44263032
      1.0494011
     0.75607018
      1.3616553
      2.6465528
     0.95693126
      2.7230995
      1.8023587
      1.2944135
      1.5544846
     0.80855601
     0.59475961
      1.0380347
      1.2084949
     0.71634791
      1.4771157
      1.2486332
      1.3046403
     0.97135137
     0.79010870
     0.51484766
      1.2141677
     0.79447010
      1.4847973
      1.1861969
     0.78101322
     0.18639935
      1.2250815
      1.0884163
      1.2965507
     0.93960769
      1.3563672
      1.4716030
