      1.7323559
     0.74890938
      1.2818856
      1.1235667
      2.4474357
      1.3090898
      1.5059950
      1.9901259
     0.42994134
      1.6404431
      1.1728294
      1.6107617
      1.1757489
     0.66588218
      1.7768629
     0.45639397
      1.7932424
      1.8671889
      1.4149585
     0.96658993
     0.35334625
      1.4897872
      1.9399703
      1.0887184
      1.7324497
     0.56641992
     0.65369890
      1.5560204
      1.4642277
      1.1413499
     0.41260157
     0.95793281
     0.32134648
     0.51871513
      1.3900584
     0.82789839
     0.80910167
     0.97301537
      1.9484145
      1.1765696
     0.98871987
     0.88094979
     0.74281274
      1.5062064
      1.0058403
      1.1150484
     0.86774210
     0.51842034
      1.8947923
      1.7583862
     0.73503526
     0.47288330
     0.89424152
     0.92763296
     0.85194956
      1.0871799
     0.45810977
     0.70972261
      1.2238332
     0.49204245
     0.90322711
      1.2351586
     0.76881148
     0.69062655
      1.0690820
     0.67866877
      1.5219072
      1.4649376
     0.55793412
     0.83673194
      1.3542597
      1.1177920
      1.2930658
      1.7916560
      1.5665136
      1.7982775
      1.2738072
      1.1843106
      1.4530355
     0.98669754
     0.70140468
      1.8396705
     0.74965012
      2.0699496
     0.99211751
      1.6090155
      1.3751421
     0.91942110
     0.30197957
      1.0918823
     0.82749110
      1.1660328
      1.1383476
     0.48841797
      1.7258204
      1.1091908
      1.2789551
      1.0718453
      1.9502675
      1.4511188
