      1.1302064
      1.5976431
      1.0069477
      1.3253309
     0.54911175
     0.55421530
      1.1302140
      1.9772366
     0.56542460
      1.4436974
      1.0381874
      1.0467465
      1.2434414
     0.62631642
     0.99389994
     0.81337683
      1.6794726
      2.2307144
      1.6626531
     0.98400531
     0.24304703
      1.0166746
     0.95377831
     0.79798266
      1.0720212
     0.97513386
      1.1430978
     0.59372503
     0.55799552
      1.4348235
      1.3265321
     0.65998398
     0.96863034
      1.1076787
     0.89046745
     0.94873768
      1.1227715
      1.2017436
      2.0167329
     0.72873494
      1.4922432
      1.2415654
      1.3304266
      1.2537952
      1.5372832
      1.2530818
     0.90078508
     0.96587004
      1.2957708
      1.4426714
     0.53142419
      1.4652059
     0.63864863
      1.4630364
      1.5879513
     0.87231438
      1.5815469
      1.3007909
     0.95301560
     0.90191275
      2.1688865
     0.86365770
      1.1611233
     0.58369318
      2.1416908
      1.8185618
      1.2480996
      1.6124313
      1.8107203
     0.87533084
      1.5758527
      1.5804874
     0.35171325
      2.2105925
     0.60311590
     0.72847216
      1.7934972
     0.57032469
     0.36412016
      1.0078389
      1.3581180
     0.86042683
     0.79857303
      1.2404642
      1.1567360
      1.5568277
     0.65328154
     0.93409345
     0.73901040
      1.6901353
      1.4075619
     0.96582929
      1.4612357
      1.5361895
      1.1582440
     0.98340042
      1.1871444
     0.90936897
     0.99691599
      1.2395718
