     0.61635859
     0.81333925
      1.0142207
     0.17242086
     0.92523869
      1.4442457
     0.90287653
      1.3852620
     0.71206613
      1.9110705
     0.64096656
     0.82392621
     0.70035973
     0.64961809
      1.8101281
      1.0844508
      1.3918337
      1.2895177
     0.83546155
      1.1556801
      1.2894337
      1.2052095
      1.8952330
     0.68407401
     0.69517175
      1.3207694
     0.71055047
      1.2401662
      1.8185681
      1.3937785
     0.97097460
      1.1750808
     0.62064762
     0.77647766
      1.3642229
     0.41401459
     0.61494154
      1.5270830
     0.93093495
      1.0931777
      1.4847092
     0.75143116
      1.2158198
     0.90900497
      1.0222523
      1.5979163
      1.1779700
     0.50565392
      1.0632937
      1.2504924
     0.48260963
      1.3671862
      1.3588823
      1.1051744
     0.61883895
      1.6673846
      1.9700346
     0.72508908
      1.0646128
     0.85216946
      1.4407443
     0.94518706
      1.7248662
      1.3280001
      2.1032367
     0.76247326
      1.2056956
     0.87040429
     0.81723740
      1.2507395
     0.61549124
      1.9473021
     0.40245920
      1.1789816
      1.0422030
     0.95911899
     0.77188730
      1.3078476
     0.77670439
      1.0706628
      1.2033880
     0.37783962
      1.5774860
      1.2126272
     0.61264258
      1.1939162
     0.84284590
      1.2427096
      1.3451393
     0.83565034
      1.2120460
     0.27874500
      1.7027190
      1.4071477
      1.5867643
      1.3412527
      1.1561649
      2.1380265
      1.4821022
      1.1610677
