      1.3166284
      1.3230877
     0.55995757
      1.4511069
      1.0559475
      1.6440981
      1.3088275
      1.7781166
     0.74549748
     0.43580050
     0.24634446
      1.1635127
     0.85693325
      2.1062430
      1.1224550
      1.3212673
     0.83962868
     0.54399999
     0.85219743
     0.58297071
      1.6464907
      1.8898481
     0.63785992
      1.8913844
     0.61387679
     0.51993757
      1.3370035
      2.3143800
      1.9710081
      1.7539706
     0.77565146
      1.3294486
     0.61255074
     0.71804264
     0.39550779
     0.77279898
     0.49518395
      1.0169001
      1.1383467
     0.96307253
      1.4661162
     0.49898517
      1.7643620
      1.4921514
     0.41753947
      1.2737246
      2.4011369
      1.0555641
      1.2956174
      1.5447065
      1.5312038
      1.2907057
     0.85353782
      1.1664682
      1.4603868
     0.88563036
     0.43879160
      2.1681395
     0.92935373
      1.3351412
     0.94220572
     0.80272598
      1.9081484
     0.89305445
      1.3277006
     0.71492358
      1.2975873
     0.48498112
      1.0631942
      1.3996499
      1.3778156
     0.86241178
     0.73603561
     0.56566600
     0.97979980
      1.5580627
     0.90700606
     0.31317504
     0.76752684
      1.2802805
     0.28768672
     0.85951610
      1.5114166
      1.1834869
     0.99608304
      1.2639609
     0.87695689
     0.38651694
     0.80518216
      1.0554393
      1.2488435
      1.2456343
     0.95567768
     0.89825913
     0.90096648
     0.65949566
     0.95953008
      1.8946027
     0.64957148
      2.1438243
