      1.9067018
     0.40127714
     0.58232418
     0.70902795
      1.8308068
     0.60332762
     0.89791560
     0.36526495
      1.6520205
     0.70393944
      1.5080082
     0.45498723
      1.3425865
      1.4909295
      1.5011899
      1.1942537
      1.8269094
      1.5262607
      1.5645852
      1.3108269
      1.4138594
     0.83811018
      1.0749526
      1.3578222
      1.1382635
      1.0359379
      1.0290091
      1.2367120
      1.8657318
      1.5468443
     0.68867869
      1.7328879
     0.98991558
      1.0753048
      1.3021669
      1.0813168
     0.58631758
     0.96322412
      1.1285440
      1.4026781
     0.63842079
     0.58684079
      1.3624124
      1.3946461
      1.3656882
      1.3532457
     0.98985207
     0.66399920
      1.6515913
     0.65406025
      1.9242161
      1.7385786
      1.5206795
      1.2356403
     0.85641705
      2.3045939
      1.1827622
      1.2574390
     0.32704608
      1.3373918
      1.2439820
     0.18738636
     0.85047480
      2.1532685
      1.0354156
      1.1354068
     0.89577702
     0.75050136
     0.29898090
      1.8644898
      1.0812383
      1.0492937
      1.2926811
      1.1898698
     0.81666462
     0.85513768
     0.83381814
      1.6518360
     0.69310664
      1.4717559
     0.88816335
      1.8977788
      1.3347735
     0.90798128
      1.3563273
      1.3743795
      1.4845480
     0.18278836
     0.96330440
     0.69070250
     0.80698953
      1.4302177
      2.0741860
      1.3657497
      1.3338686
      1.2570437
      1.3202228
     0.35574831
     0.87877668
     0.68085988
