      1.9559369
     0.83050756
     0.63432578
     0.69778404
      1.1521126
      1.8053390
     0.39924266
     0.94841569
     0.99545797
     0.95934319
     0.41610966
      2.1603817
      1.1910506
      1.0658006
     0.97445389
      1.1854253
     0.77138542
     0.96766686
      1.6814386
     0.62135599
      1.6956153
      1.5421598
     0.84595933
      1.3467744
     0.48733555
     0.95091911
     0.58112978
      1.0396621
     0.77772300
     0.32469835
     0.88705317
      1.8865435
     0.16463982
      1.4151686
      1.0377550
     0.67657750
     0.61901858
      1.1079365
     0.36973140
      1.2713679
      1.0475924
     0.99847745
      1.4845815
     0.96331778
      1.4981060
      1.4334370
      1.0143784
      1.5013542
      1.3618827
     0.34312294
     0.78177000
      1.2692663
      1.4875543
      2.0333251
      1.1302372
     0.64174611
     0.61293469
     0.69101740
     0.92728944
     0.80530232
      1.6309916
     0.92904464
     0.71486394
      1.0625161
      1.3030557
     0.96019920
      1.5581526
      1.0061504
     0.98320702
      1.3557892
     0.83509934
     0.84423536
      2.0998339
      1.2507717
     0.75761772
     0.75158347
      1.3403616
     0.50122558
     0.59067649
      1.2407903
      1.7652181
     0.61777698
     0.68263991
     0.72284305
      1.2779034
     0.51794657
      1.2200640
     0.43325656
      1.4094131
     0.90090833
      1.2151033
      1.9274988
     0.58422848
      1.1547798
      1.2488839
     0.87868532
      1.0891494
      1.4002524
      1.2885157
      1.0219930
