     0.96447861
     0.78135001
      1.6309648
      2.0657030
      1.2561375
     0.51441297
      1.7981656
      1.5803855
     0.33993676
      1.5384920
     0.29753715
      1.0287029
     0.84242844
      2.0556292
     0.61972085
      1.8024098
      1.5690663
      1.2420737
     0.87857154
      1.0420433
     0.20923624
      1.5968279
     0.87181550
     0.59095965
      1.2231751
      1.3090988
      1.0014326
     0.78814443
     0.95159500
     0.91109925
     0.84179101
      1.6266404
     0.87744429
      1.2241616
      1.2047163
      1.2156231
      1.4808213
     0.56873745
      1.0864022
      1.0956469
      1.1926338
     0.99641768
      1.1101960
      2.0484609
      1.3833708
     0.36763997
      1.0403608
     0.89313879
      1.5086974
      1.1336361
      1.5721761
     0.53900734
     0.62018408
      1.0914370
     0.64797362
      1.1164728
      1.4642415
      1.0718554
      2.0528601
      1.0364342
      1.4964973
      1.5644023
     0.85137551
      2.1586954
      1.2353740
      1.0277506
     0.84096274
     0.77848906
     0.59872429
      1.0623552
      1.2285799
     0.41404987
      1.6613895
      1.1562491
      1.8668396
      2.2191132
     0.81959803
     0.83806698
     0.75514859
     0.49485953
      1.5157186
     0.41321702
     0.51460780
      1.1894402
      1.5037021
      1.2555128
      1.2209980
      1.1579418
     0.43701844
      1.4220823
      1.9655170
      1.0581662
     0.29136718
      1.1900186
      1.0627260
      1.7928102
      1.3959382
     0.78035552
      1.6405535
     0.53693627
