     0.58577548
      1.6949081
      1.6743165
     0.77198157
      1.4855386
      1.1255811
     0.34607185
     0.40147061
      1.7853415
      1.2935772
     0.69491215
      1.1531595
     0.95773652
     0.81905807
     0.67433074
     0.53830832
      1.3407363
      1.3627621
     0.99384403
      1.1284433
     0.22494357
     0.89893486
     0.85888151
      1.0636120
      2.2452073
      1.3752275
      1.1536588
     0.92675890
     0.92379846
      1.4107903
      1.9341090
      1.3898629
     0.77105242
      1.3577763
      1.5997722
     0.45993387
      1.3353483
      1.6003128
      1.7154146
      1.9621434
      1.3983225
      1.6561512
     0.57838097
      1.3995761
      1.3051470
     0.81080700
     0.44160989
     0.29290045
     0.60990034
     0.57443409
     0.58641664
     0.59701440
      1.2294331
     0.86443097
      1.6675103
     0.82119625
      2.0941493
      1.7798445
     0.39260938
     0.96723793
      1.4740556
     0.96808019
      1.0024889
      1.6151222
      1.2532444
     0.42304182
     0.84443062
      2.2533223
      1.2088182
      1.6998605
     0.84056822
     0.78902952
      1.2507043
      1.2936838
      2.2013893
      1.1544825
      1.7248733
     0.72753101
     0.36923561
     0.80039056
     0.99654112
     0.56021985
     0.68977605
      1.3392442
      1.1257507
      1.1375931
     0.87383396
      1.0583509
      1.5741880
      1.1468945
      1.2066219
     0.91776316
     0.48809899
      1.1073468
     0.39923204
      2.0790598
     0.85514150
      1.9829879
     0.60155165
     0.91654295
