      1.7457218
     0.66432611
      1.2475238
      1.0143206
      1.1289360
      1.0247311
      1.9609302
      1.1111170
      1.2353671
     0.82045233
      1.2386101
      1.3135121
      1.3960111
      1.8090507
     0.75335361
      1.5237677
      1.9797532
      1.1452241
      1.0319434
     0.64712046
     0.81308235
      2.8294583
      1.0411765
     0.50915809
      1.0446874
      1.2610397
      1.7651398
      2.0392286
      1.3354491
      1.6038631
      1.9347255
     0.86734764
     0.79531034
     0.93908508
     0.83624184
     0.62675511
     0.83826879
     0.34338041
     0.48962842
      1.9968917
      1.5406335
      1.0471337
      1.1904271
     0.82476709
      1.3947754
     0.23327115
      1.3034544
     0.94906711
     0.16979890
      1.4039073
     0.54959806
      1.2953856
     0.60929468
      1.3857516
     0.61954610
     0.70882452
     0.79088281
      1.4979136
      1.8981047
      1.7617843
     0.92363586
     0.80737895
      1.2346189
     0.78320863
      1.3571182
     0.61952954
      1.6771596
      1.9681485
     0.87752916
      1.9155559
      2.0291504
      1.3056081
     0.95521536
      1.2055457
      1.0236014
      1.0176638
      1.0838779
      1.5134264
      1.6306607
     0.31951952
     0.94628790
      1.9390448
      1.1595358
      1.1654951
     0.71578500
     0.26429435
     0.77988392
     0.43871661
      1.4119097
      1.8095856
     0.81020246
      1.3150239
     0.53945543
      1.4378424
      1.7130308
     0.65099801
     0.88678349
      1.0132542
     0.83123561
     0.71552545
