      2.3354865
     0.75148313
     0.73531979
      1.9456217
     0.55061848
      1.2947464
      1.0906746
      1.3313438
     0.56917275
      1.6121553
     0.56431695
      1.5495899
      1.1257675
      1.1534935
     0.71108029
      1.1904988
     0.62039752
     0.83125272
      1.6200085
     0.96873378
     0.64509662
      1.2823246
     0.65100558
      1.6144342
      2.2733149
      1.1032121
      2.1943758
     0.55778862
      2.0642485
     0.41803508
     0.59213073
      1.2469920
      1.1819917
      1.7115380
      1.5834471
     0.87175476
      2.1765660
     0.70785046
      2.0096521
     0.59454128
     0.73194218
      1.3108499
      1.7110576
      1.1549565
     0.45231568
     0.74386714
      1.0026998
      1.3946855
      1.1970603
     0.81399677
     0.97641959
      1.2691081
      1.7423019
     0.43005171
     0.80838128
      1.2790950
     0.88748441
     0.22011636
      1.2727567
      1.6815293
      1.1545122
      1.0696717
      1.7686082
      1.2863786
     0.55998935
      1.1250434
     0.50464301
      1.9186100
      1.6158600
      1.2675416
     0.78839688
      2.2995209
      1.5298663
      1.2650224
      1.2663861
     0.27182626
      1.4167035
     0.44691324
     0.81242849
      2.0235450
     0.59918360
      1.0656280
      1.6435969
      1.2080901
     0.59527739
     0.72476449
      1.8063632
     0.51238834
     0.72704281
     0.81178727
      1.7133071
     0.53850225
     0.90864200
      1.2949927
      1.0849492
      1.1471910
      1.4309722
      2.3912588
      1.1182964
      1.1794858
