      1.2995275
      1.2366749
      1.2142541
     0.97980997
      1.1268230
     0.73355340
     0.85170230
     0.80866342
      1.4480668
      1.1273006
     0.29527280
     0.81261921
      1.0260142
     0.58910579
     0.61019134
     0.90560952
     0.14304262
      1.5402817
      1.2121127
      1.4458014
     0.89723579
      1.1755991
      1.2197357
      1.8198559
      1.0732989
     0.93749288
      1.7272352
      1.8481908
      1.0186496
     0.87502170
     0.93342936
      1.5957527
      1.6562250
      1.1223747
      2.0520612
     0.49960678
      1.1781396
     0.57642819
      1.1279760
      1.0471717
      1.2890132
      1.9307138
      1.4134776
      2.5029233
     0.57382884
      1.8298293
     0.60679583
      1.1383362
      1.1474883
     0.90430160
      1.5934254
      1.0856487
      1.6273718
     0.32877925
      1.1310509
     0.66022165
     0.80809670
      1.1715102
      1.1536791
     0.73555618
      1.2611345
      1.0630261
     0.49501658
     0.61520978
     0.91313140
      1.6152372
     0.73757240
      1.8863353
     0.83805510
      1.9304226
     0.66326861
     0.95915668
     0.75883930
      1.2714187
     0.86657628
     0.64146446
     0.78128422
      1.3094514
      1.4043647
     0.54153430
     0.68699493
     0.21256038
      1.2390069
      1.2402679
      1.3907831
      1.9555684
     0.95297868
     0.55359185
     0.80751842
      1.0981914
     0.68293611
     0.48609661
      2.2982753
     0.56864220
     0.49623091
      1.3946366
     0.47510604
     0.81868013
      1.0574273
      1.5161322
