      1.9412447
      1.1366810
     0.58040018
     0.68168826
     0.38040307
     0.75520573
      1.8271036
      1.2923492
      1.6148299
     0.96139758
      1.3048535
      1.0481615
      1.3119350
     0.99026203
      1.7666919
      1.0088406
      1.4866396
     0.95998957
     0.46613493
      2.1051810
     0.97215121
      1.1907658
      2.1639569
     0.94319509
      1.3898072
      1.3449835
      1.8026562
      1.6500896
      1.4881742
     0.19990621
      1.2129046
      1.4220447
      1.3450414
      1.3617366
      1.0493420
      1.6785698
     0.50515782
     0.54280341
     0.47222410
      1.4174020
      1.0712205
      1.2028486
     0.68676157
      1.9027440
      1.3624018
      1.3263952
     0.78603266
     0.66242212
      1.0305673
      2.1468009
      1.2756007
     0.77703236
      1.2646217
      1.6220700
      2.0734867
     0.89508022
     0.48463161
     0.97015250
      1.1448801
      1.5821466
      1.5120334
      1.1286701
      1.0009079
     0.43725058
     0.40921730
      1.3929620
      1.2814793
     0.50616608
      1.2480542
     0.79072885
     0.70002110
     0.98491903
     0.80987196
      1.4333170
     0.58843124
      1.7954194
     0.48400627
      1.2118125
      1.8487855
      1.0522977
      2.0809752
     0.86382189
      1.0313049
      1.8625722
      1.1400713
      1.0193819
      1.7280502
     0.79437182
     0.59423349
      1.5294833
     0.96986574
      1.7573803
     0.47876489
      1.1319519
      1.4663989
      1.7214100
      1.2876060
      1.5093217
      1.4815465
     0.27004777
