     0.47447459
     0.74512510
     0.42191552
      1.2983029
      2.0334766
      1.4331162
      1.0988506
     0.55029554
      1.8176135
      1.1980522
      1.5707010
     0.64412342
      1.0688290
     0.68205223
     0.62237117
      1.5136500
     0.62338689
      1.4984277
      1.1708537
      2.7009025
     0.73413646
      1.4502725
      1.7978372
     0.74275855
     0.65876874
     0.66397344
      1.4561763
      1.6421888
     0.52142146
      1.0943762
      1.4673413
      1.6086610
     0.40219774
      1.5180378
      1.3590524
      1.8597397
      1.3101229
      1.6903742
      1.1578226
     0.81357819
     0.46615028
      1.7180073
      1.4797388
      1.3358875
      1.5669822
      1.6646401
     0.63541432
      1.4154116
      1.2923275
      1.6297218
     0.84841820
     0.85801464
      1.3842241
      1.4718909
     0.99777957
     0.82592520
     0.89868930
      1.2357576
      1.8164490
      1.7081493
      1.0054199
     0.93939212
     0.51900292
      1.9624990
      2.1322098
      1.2645999
     0.77133428
      1.4089029
      1.5358621
     0.62384081
      1.6726274
      1.2397102
     0.43810885
     0.67146659
      1.3451027
      1.2995843
      1.5699216
      1.1581208
     0.62085868
      1.3610362
     0.51163363
      1.7080804
      1.7278739
      1.1680773
      1.9302501
      1.2969251
     0.91957418
      2.6198874
     0.94901388
      1.7742879
     0.81615895
      1.9221573
      1.4556965
      1.3708902
     0.89918318
      1.0246091
     0.95777107
      1.8291301
      1.4316010
      1.4323368
