      1.2173068
     0.76649122
     0.92480059
      1.0363383
     0.93540567
      1.2608440
      1.5890027
     0.68844970
     0.88378162
     0.51981386
      1.9963323
     0.93393290
     0.76465260
     0.78910778
      1.2853746
     0.94329578
      1.7891592
     0.91405313
     0.26327994
     0.41476889
     0.68833904
     0.38663835
      1.3419936
     0.65977131
      2.1372192
     0.52941837
     0.69146964
      1.1284689
      1.7044978
      1.9501320
      2.0155298
      2.3329410
      1.7251932
      1.4898488
     0.79073926
     0.88536968
     0.90073906
      1.1264745
      1.0468937
     0.86327901
      1.2525676
      1.7781010
     0.76134304
      1.1105523
      1.2272681
      1.0805876
     0.50328447
     0.23627078
      2.2168674
      1.2295498
     0.63553067
      1.3138772
      1.8390616
      1.2733922
     0.53708726
      1.6720313
      1.5022992
     0.93526044
      1.2611701
     0.52165453
      1.0025521
      1.2090492
     0.95995077
      1.8679469
     0.80815218
      1.0605366
     0.98354577
      1.6453073
     0.95243565
      1.6217690
     0.47825044
     0.90374302
      1.1863609
     0.95271029
     0.37958918
      2.6711568
     0.48389075
     0.95166626
      1.6707737
      1.3735455
      1.1867333
      1.2459682
     0.78877751
     0.44274334
     0.54356976
     0.31474447
      1.0474058
      1.5508788
     0.84406488
      2.3512704
      1.4212499
     0.79140317
      1.0006916
      1.2699655
      1.3541120
      1.7811802
      1.7305560
      1.0490939
     0.72873823
     0.46878390
