     0.94336038
      2.1637371
      1.2192689
      1.6287580
      1.3370012
     0.85037745
      1.1609992
     0.68017457
      1.4194157
      1.1281921
      1.2696461
     0.62775766
     0.54793258
      1.3679762
      1.2344609
      1.7397572
      1.0460236
     0.85156317
      1.1708558
     0.46460012
     0.24369635
     0.81852044
      1.3052996
     0.88937922
      1.6726913
      1.3305237
     0.78522475
      1.1783913
     0.93046124
     0.96806280
     0.60609592
     0.46646328
      1.0156514
      1.2112161
      1.1624415
     0.84516609
     0.31609177
     0.73248482
     0.41542282
     0.75569347
      1.7922573
     0.50617794
      1.4168621
      1.5314791
      1.0618102
     0.89567770
      1.5856543
      1.9838696
     0.95663131
     0.50922806
      1.3159419
     0.89634434
      1.2428456
      1.7051916
      1.2289301
     0.91113221
     0.71523197
      1.3617428
     0.61343377
      1.4972231
      2.2230321
     0.39974348
     0.99279488
     0.73035070
     0.45793086
     0.42877318
      1.4990786
      1.5977274
      1.4389644
     0.60738704
     0.63297185
      1.0086275
      1.1211724
      1.0931214
     0.94992760
     0.94455870
     0.99410137
      1.0494844
      1.0439723
      2.0773722
     0.64517111
     0.85147109
      1.4521509
      1.1669829
      1.3023894
      1.5921326
     0.49255225
      1.2589042
      1.4412970
     0.30055113
      1.8011352
     0.97883206
      1.5671520
      1.5201720
     0.41188197
      1.1559901
     0.52916124
      2.1808095
      1.0661404
     0.84922316
