      1.2756126
      1.8587260
     0.54390827
     0.81928726
      2.2662832
      1.0193960
      1.4664791
      1.2136848
      1.7687264
      1.7324683
      1.1411803
      1.6162727
     0.79747867
     0.82279840
      1.0414652
      1.2441558
      1.0767735
      1.2736587
      2.1634303
      1.4412223
     0.65111088
     0.81707588
     0.87412842
     0.40644423
     0.70455717
      1.3412932
     0.87074314
      1.3197297
     0.62204636
      1.1563431
     0.66328338
     0.49315700
      1.1806796
      1.2458428
      1.1536585
     0.48803713
      1.6835470
     0.99366423
     0.64026097
      1.1867922
     0.95342337
     0.62711757
     0.56125441
      1.1574365
     0.49968357
      1.3731002
      1.3849301
      1.1089165
      1.0306514
      1.1275000
      1.5145006
     0.82776339
     0.97153241
      1.2083411
     0.64784732
     0.81432348
     0.61959460
     0.72631422
      1.2812690
     0.40569900
      1.5893642
     0.85635499
     0.82335551
      1.5615671
     0.54693766
     0.33702478
     0.84345676
      1.1390511
      1.0519242
      1.7073572
     0.92648356
      2.0990869
      1.7087303
     0.51393004
      2.0057002
     0.99307504
      1.5686099
     0.97954213
      1.4713621
      1.3347546
     0.82699680
     0.94684544
     0.59476499
     0.71308068
      1.9369078
     0.92418567
      1.7389100
     0.53801513
      1.6976633
     0.76427387
      1.0908764
     0.80570387
     0.96710908
      1.4710554
     0.86694915
      1.5007714
     0.89159581
      1.7689714
      1.2266457
      1.3654627
