     0.73349858
      1.7268152
      1.7370074
     0.88560700
      1.1532580
     0.96221735
      1.2499415
      1.2490871
      1.2707564
      1.3790583
     0.66191662
     0.81914464
     0.83711031
     0.53602140
      1.3301444
      1.2314742
     0.88624735
      1.4857679
     0.70450003
      1.2932470
      1.2223597
     0.32037750
      1.3768008
     0.76530693
      1.5039668
      1.4764768
     0.75203413
      1.2900301
      1.9206204
      1.6454863
     0.64036702
     0.94016776
      1.1812477
      2.1642910
     0.53820018
     0.57451177
      1.8078882
     0.77792553
     0.58693939
      1.4749294
     0.88827670
     0.85464641
      1.5745594
     0.35805608
     0.66098803
      1.3934893
      1.3470052
      2.1558140
     0.43975605
      1.3121320
     0.83354250
      1.4031280
     0.49676536
      1.2801152
     0.43888608
     0.90107178
     0.66345817
     0.64117746
      2.3734633
      1.1604660
     0.90422681
     0.90230083
     0.77810782
     0.64275312
      1.7529904
      1.0561559
      1.1920728
     0.74463106
     0.59422106
      2.3032688
      1.8685096
      1.9849982
      1.1516672
      1.2279835
     0.82718360
      1.5862721
     0.98301119
      1.8536928
      1.0122206
     0.78698890
      1.1686731
      2.2346830
     0.60848769
     0.24398842
      1.4096380
      1.0984177
      1.7302242
     0.67885582
      1.7672972
     0.56902176
      1.1874189
      1.3284497
     0.70917608
      1.0674783
     0.76846486
     0.57210331
     0.72959699
      1.5330151
      1.4532926
     0.33734714
