     0.88247647
      1.1092631
     0.77825677
      1.3528402
      1.6244852
     0.48488281
      1.9774705
     0.76969033
     0.68317883
     0.62156107
      1.5678684
      1.2400846
     0.89550679
     0.66397943
      1.0179507
     0.35650138
      1.1815495
      1.1816322
     0.87539030
      2.0592395
     0.74758633
     0.73218477
      1.1252296
     0.61143199
      2.6286321
     0.47130212
     0.59972794
     0.85351414
     0.64341346
      1.7345631
      1.7748069
     0.57074355
      1.2389881
      1.7343338
      1.5892647
      2.5065639
      1.0546390
     0.76125285
      1.0135612
     0.83783867
      1.0179128
     0.52843684
      1.2487489
      1.3174880
      1.6260450
     0.94202168
     0.87368600
      1.0662694
     0.32596731
      1.1542730
      1.2267383
      1.0984276
     0.83823458
     0.96525660
      1.1809573
      1.5364013
     0.48371790
      1.1083860
      1.9701011
      1.2294766
      1.1549548
     0.87856015
     0.92501245
      1.8340330
      1.6924418
      1.1397411
      1.2854613
     0.58357948
     0.88194758
      1.4367460
     0.60452154
      1.6799710
      1.1724601
      1.5442513
     0.29575268
      1.2529898
      1.0583761
      1.3127172
      1.0160018
     0.50674403
     0.85098329
      1.0351137
      1.7219757
      1.6176643
      1.7192683
      1.8865498
      1.3954633
     0.76354766
     0.45853937
      1.3478532
     0.56246810
      1.7520085
     0.94317942
      1.0501338
     0.81708263
     0.61220650
      2.1994213
      1.2241059
      1.3953657
      1.1386470
