     0.64490864
      1.4386369
      1.2040685
      1.9237932
      1.4043392
      1.5222657
     0.89298437
     0.65195122
      1.0077692
      1.5103911
      1.2530681
      1.3444039
      1.9319305
      1.3122599
      1.6524418
     0.88273430
     0.10404595
      1.2569175
      1.5996727
      1.3272774
      1.0357549
     0.69429135
      1.8174370
      1.5462168
      1.4413603
      1.3924878
      1.4525027
      1.1096484
     0.97062844
     0.58261900
      1.8464165
     0.41598714
      1.2834043
      1.4188601
      1.0943116
      1.1588685
      1.6104456
      1.1193993
      2.0460099
      1.7626401
     0.85155395
     0.60238178
      1.8345552
      1.1195354
      2.4126374
      2.3232963
      1.3096525
     0.71684997
      1.7899812
      1.6279315
     0.89053649
     0.42666821
     0.86615306
     0.80509807
      2.1820274
      1.0005256
      1.1876102
     0.72881678
      1.0733205
      1.4441351
     0.53841014
      1.1054456
     0.93348694
      1.0796102
     0.87594403
      1.6769385
      1.8780916
     0.82597504
      1.0191231
      1.0086296
      1.4035227
      1.0666628
      1.1271602
      1.1790048
     0.41784703
      1.6128091
     0.91206314
      1.1530373
     0.88589926
     0.36547031
      2.0698315
     0.83163217
     0.74712978
      1.1427688
      1.4367551
     0.90506321
     0.21664024
      1.8746518
      1.5765687
      1.5003338
      1.6198739
     0.87398438
     0.49242383
     0.84427426
      1.6623147
     0.63452296
      1.6275571
      1.6717940
      1.6011245
      1.6676922
