     0.53602176
      1.2663399
     0.94223771
      1.7659643
      1.8292699
      1.7769040
     0.94957857
      1.7074422
      1.2736279
     0.66840777
      1.7594715
     0.90719344
     0.69875894
     0.50534091
      1.3430130
     0.77325001
      1.0381476
     0.61513888
     0.88112879
      1.6058918
     0.97423775
      1.2609455
     0.99328749
      1.4246012
      1.5850814
      1.2491835
      1.3153601
     0.58053006
      2.4321687
      1.6740100
      1.3265232
     0.39878868
      1.9948014
      1.6695723
     0.69112785
     0.93589946
      2.1035741
     0.98931750
      1.1854068
      1.0087430
      1.0859183
     0.55152054
      1.2187791
     0.88280683
      1.1418440
     0.90102265
      1.1463617
      1.5704437
     0.56606921
      2.3679401
     0.66032243
     0.60690531
     0.59622889
     0.70150674
     0.36644695
     0.53524855
      1.1987761
      1.0763509
      2.3628301
      1.1903955
      1.2664706
      1.3698046
     0.43131136
     0.39565652
      1.1700337
      1.6439559
      1.6124822
     0.70834659
      1.0788742
      1.1165599
      1.3168689
      1.1466102
      1.6683119
     0.78265243
      1.9247834
     0.71733266
      1.0841535
     0.70386597
     0.27487509
     0.43843683
     0.39625955
      1.0703735
     0.87676833
      1.3319352
     0.53724894
     0.73540555
     0.68761352
     0.69514034
      1.4187231
     0.28975705
      1.0444136
      3.2083066
     0.73313847
     0.91215368
     0.24576509
      1.3817240
      1.5027715
      2.2921209
     0.41081579
     0.64890183
