      1.1516562
      1.5047374
      1.2217177
     0.75046654
     0.53721751
     0.78929341
     0.62348179
      2.2701085
      1.2058353
      1.0241042
     0.44913255
     0.41449776
     0.71336276
      1.0830482
      2.5567257
     0.56511272
      1.2075585
      1.5147993
      1.6257547
      1.1765070
      1.3072590
     0.75077969
      2.1435113
      1.9384455
      2.0409244
     0.61755569
      1.7835203
      1.6758529
      1.7087921
     0.80269685
     0.73262559
      1.1299363
      1.1738842
     0.72150212
      1.0790332
      1.8162934
     0.97744816
      1.6521483
     0.67097463
      1.0411822
      1.2195435
      1.1624163
      1.2658258
     0.78736932
      1.1520567
      1.3488721
     0.99352052
     0.90736011
      1.3015957
     0.30059157
     0.31037311
      1.8413931
     0.49146572
      1.3897750
      1.9282840
     0.98886455
     0.87046929
      1.0685095
      1.5532344
     0.99753915
      1.8758624
     0.81755648
     0.67676109
     0.81859759
     0.28816310
      1.4004315
     0.40408617
     0.73691632
      1.2973521
     0.52760309
      1.1071267
      1.1040023
     0.69064810
     0.60235709
     0.81638627
     0.91788919
     0.44546089
     0.91884273
     0.82611713
      1.3086747
      2.1082045
      1.2294247
     0.98339795
      1.9932412
      1.8964403
     0.65945894
     0.55726277
      1.0189493
     0.99941399
     0.95572827
      1.8937907
      1.5021390
     0.99773157
      2.1009861
     0.53289710
      1.9011779
      1.6012075
      1.0300078
      1.2846501
      1.5759419
