      1.2398291
      1.4271740
     0.91063323
      1.3021178
     0.65804286
     0.92663799
     0.83543385
      2.0500844
     0.29051675
     0.93480499
     0.64165967
     0.55962308
     0.75950836
     0.98889904
      1.2468148
      1.9142493
     0.66491599
     0.62968064
     0.76276790
      1.1962473
      1.2148811
     0.87288230
     0.90158359
     0.43567345
     0.43355752
     0.97129879
      1.8232646
     0.65552360
      1.5064557
     0.97848338
      1.3697021
      1.9266471
     0.84719409
     0.76025197
      1.1949810
      1.4962827
      1.1258303
      1.4656118
     0.88248683
      2.4347128
     0.44946142
      1.5796573
     0.89990653
      1.1379617
      1.0227072
     0.81687134
      1.3853317
      1.2918250
      1.4430009
      1.6384088
     0.94415135
     0.29335946
      1.5602636
     0.90486296
     0.40528703
      1.1868102
     0.58717502
      1.8063828
      1.3571937
     0.79054549
      1.6417027
      1.4266773
      1.0694937
     0.48551037
      1.0103516
     0.44492942
      1.7831329
     0.49770786
     0.98338311
      1.2549272
     0.27041906
      1.5326942
     0.72193291
     0.44673261
     0.32882485
      1.1507571
      1.3268744
      1.4131323
     0.60108201
      1.5456369
     0.81262831
      2.2072191
     0.87857082
     0.40294698
      1.1857397
     0.99912747
     0.39369751
     0.77223288
     0.42025415
     0.58862114
     0.79875677
      1.8443330
     0.31587833
     0.52933156
     0.86525364
      1.2495619
     0.71606454
      1.1139901
     0.90338894
     0.73328334
