     0.66984459
      1.1823580
      1.7605759
      1.1764008
      1.1397006
      2.3205733
     0.17801152
     0.50441053
     0.54693270
      1.1802182
     0.92269838
     0.52987392
     0.67934320
      1.0427803
      1.3019354
      1.4319867
     0.51267480
     0.89183020
      2.1915891
      1.4767473
      1.2686881
      1.1370046
      1.3737109
     0.72416459
      1.3960568
      1.4383283
      1.1001500
     0.86594632
      1.0145550
      1.3317611
     0.40517028
     0.98737320
      1.5542788
      1.3572707
     0.88028621
     0.58769191
     0.68845737
      1.4000740
     0.75378232
      1.6421370
     0.64541600
      1.6007099
      1.0846561
     0.29807941
     0.66572154
      1.3750151
      1.8565865
      1.2787462
     0.35930120
     0.86394595
      1.0043987
      1.7967778
      1.3503349
      1.0673404
     0.68449071
      1.7390214
     0.95593746
      1.0994019
     0.84784717
      1.0990966
      1.1362382
      1.3780232
      1.0139413
      1.3049511
      1.1055721
      1.0344403
      1.0311670
      1.2974578
      1.9360897
      1.7814305
      1.0948542
     0.78756031
     0.71508603
      1.4198845
      1.5102235
      1.5001720
     0.84310574
      1.9972618
      1.9410773
      1.8954681
      1.0496811
      1.7661457
      1.0926622
     0.59175783
      1.0300956
      1.3536297
     0.82568439
     0.86868479
     0.85699305
      1.0608001
      1.6112308
     0.93525144
     0.87616975
     0.93846508
      1.4203181
      1.0885109
      2.1562096
      1.6875881
      1.1506583
      1.0437469
