     0.84192654
      1.1845015
     0.73956381
      2.2035599
      1.1934295
      1.3196238
      1.5843657
      1.3916688
     0.60557999
      2.1095055
     0.63558134
      1.0073529
      1.2991481
     0.96918200
      1.2527080
      1.9360045
     0.75424613
     0.69587579
     0.89469335
      1.0774665
     0.71315714
      1.6268383
     0.66720913
     0.97466045
      1.3258157
     0.49172221
     0.30378543
      1.0109412
     0.58132729
     0.74269287
      2.0294310
      1.3277236
     0.44366334
      1.4420614
      2.1055697
      1.0024466
      1.4263739
     0.54390121
     0.64740125
      1.6605729
      1.0266251
      1.1016422
     0.71931912
     0.92810233
     0.96346339
     0.93628106
     0.46373135
     0.40403969
      1.1391419
     0.71402991
     0.55864028
     0.28490137
      1.5474379
      1.2323260
     0.64433784
      1.5084691
      1.4634579
     0.34173525
     0.55973543
     0.97529887
     0.87919677
      1.0793430
      1.3321994
      1.4338107
      1.4300734
     0.45896455
      1.8985099
     0.72514007
      1.1788801
      1.1796693
      1.1116700
     0.78271583
      1.7910602
     0.85594896
      1.1205825
     0.42214441
     0.78131137
     0.90606474
      1.7073980
      1.4410592
      1.0172853
      1.2159048
      1.2427684
      1.3703106
     0.89255183
     0.91213785
     0.90244241
     0.48505490
      1.2214470
      1.1569871
      2.3113615
      2.1062236
     0.68416431
      2.0356199
      2.0521760
      1.1056696
      1.3094352
      1.3301551
     0.96524135
     0.75198268
