     0.89571882
     0.83181303
      1.5599142
      1.4986840
     0.72708207
      1.4360923
     0.79196332
     0.86048523
      1.5268093
     0.35236003
     0.65804724
      1.7805408
      1.1921553
     0.70141368
      1.3957482
      1.9064712
     0.88777973
     0.41462486
      1.0143178
     0.67374395
      1.8211828
     0.56383753
      1.3065426
     0.25879263
     0.71965086
      1.2237130
      2.4567804
      1.8893716
     0.67295109
     0.94474884
     0.95543387
     0.65560271
      1.4673477
      2.0523864
      1.6538443
      1.3117177
     0.38028599
      1.3539801
     0.25079989
      1.6516765
     0.66507012
     0.42737407
     0.78452611
      1.0489347
      1.2267885
      1.3130794
     0.65855053
      1.3991707
     0.85946732
      1.3472254
     0.59939233
      1.8424527
     0.70299384
      1.1058202
      1.6361137
     0.69952773
      1.1173798
      1.3942990
     0.95014009
      1.8066774
      1.3132603
     0.80639390
     0.79665300
     0.79474692
     0.89143815
     0.79804726
      1.5181780
     0.97548284
     0.93708388
      1.2404797
     0.34973864
     0.47090379
      1.4641929
     0.90099454
     0.66196132
      2.3108085
      1.6996656
      1.9442596
      1.1551442
      1.0202076
      1.6740774
     0.93540840
      1.1347907
     0.70365793
      1.4944568
     0.90055617
      1.2815047
     0.97202973
      1.1555320
      1.0241948
      1.7123276
      1.4544361
     0.36070987
     0.89225117
      1.2481538
      1.1777270
      1.1047469
     0.86402326
      1.0538916
     0.70172143
