     0.48636115
     0.92375742
     0.90904122
      1.2876163
      2.3579873
     0.63462443
      1.5176711
      1.3014931
     0.99281022
      1.5047151
     0.76251952
     0.40746891
     0.82824709
     0.91515933
     0.20469715
      1.9565242
     0.72282611
      1.9445559
     0.78947121
      1.4310468
      1.0036540
     0.73751822
      1.3064945
      1.3531982
      1.1912033
     0.71403531
      1.5986011
      1.0877219
     0.97435220
      1.1902724
     0.72094755
      1.1016407
     0.91839374
      1.3671687
     0.84952835
      1.5613833
      1.6213635
      1.1676979
      1.4235390
      1.2774716
      1.8393733
      1.3776057
     0.84452412
      1.5403991
     0.77967150
     0.91820225
     0.67623712
      1.4965206
      1.3757493
      2.0657620
      1.4306545
     0.77411950
     0.56993258
      2.0946629
     0.53456595
     0.68678929
      1.7070839
     0.80361192
      1.0879054
      1.3589621
     0.59910956
     0.98857364
      1.1221566
      1.3415987
     0.25270577
      1.1374794
      1.9933621
     0.99722050
      1.6788647
      1.1149878
      1.1392039
      1.2448668
      1.9636959
     0.64258867
      1.2609154
      1.2596069
     0.39159511
      1.4636992
     0.66295601
     0.67008442
      2.6318184
      1.2365636
      1.6758417
     0.30657476
     0.81757266
      1.3552431
     0.58609627
      1.7350329
     0.58184911
      1.3160523
      1.1972436
     0.93831985
      1.4208867
     0.37628442
      1.5052884
     0.41608887
     0.35970785
      1.6371069
      1.3459727
      1.3119211
