      1.1608034
     0.80707958
      1.6004365
      1.7890716
      1.1578051
      1.4183275
     0.99673875
      1.3772701
     0.98570989
      1.9124511
      1.1288447
     0.48588901
      1.5620139
      1.3181197
     0.19775261
      2.0325885
      1.5726314
     0.84581765
      1.2478374
      1.2780412
     0.91395556
     0.62996918
      1.2995481
      1.0737561
      1.2116531
      1.2385330
     0.81574316
      1.5435361
      1.1667655
     0.40641227
     0.36592827
      1.5129046
     0.64290449
      1.7753190
      1.7510205
      2.0383844
      1.1837510
      1.8471609
     0.85958732
     0.22525475
     0.44724115
      1.5187757
     0.73658453
      1.2563846
      1.5586438
      1.3113652
      1.5843823
     0.84875358
     0.51896901
      1.8844164
     0.70928339
      1.7606750
     0.76319297
     0.64542005
     0.91836790
      1.7299710
      1.3759814
     0.67234520
      1.2948504
      1.4841891
      1.4057058
      1.1853243
      1.3384627
     0.47929118
      1.3657293
      1.3745684
      1.6403976
     0.40967562
      2.6296790
      1.8824443
     0.92076334
      1.0632971
      1.5379042
     0.90382145
     0.38010830
      1.0189814
      1.4438434
      1.1169196
     0.86794431
      1.0658750
      1.4965031
      2.1987982
      1.7774892
      1.6452346
     0.88362119
      1.0918237
     0.52747107
      1.2077224
      1.3217268
      1.5274521
     0.73480387
     0.77456187
      1.9184406
     0.58647473
     0.65693417
     0.95476370
      1.4602174
     0.46987801
      1.8337648
      1.4995639
