      2.0297013
      1.3651482
     0.94417322
     0.94251867
     0.55205348
     0.73194526
     0.78441542
      1.1834382
      1.6782652
      1.6903375
      1.0987663
      1.9493572
      1.0158897
      1.0289722
      1.6469300
      2.1303000
      1.6291667
     0.56351179
     0.43544193
      1.6085084
      1.8982687
     0.99831173
     0.45830005
     0.42060781
      1.3564759
      2.3632371
     0.79302581
     0.58736994
      1.7906487
      1.2595713
     0.98669278
      1.1238362
      1.2848281
      1.9778926
      1.3675798
      1.6732045
     0.46940374
     0.43231044
      1.3045096
      1.1187478
      1.0548877
      1.1341317
     0.40963142
     0.85909392
     0.37430863
      1.4157003
      1.2910503
      1.9102615
      1.3163294
     0.74016854
      1.5115895
      1.1845525
      1.0398607
     0.89587685
     0.86000025
      1.7886305
      1.3787154
     0.67318713
     0.83535885
     0.82912742
      1.6428613
     0.53067439
      1.4234134
     0.66169338
      1.2850297
     0.80917558
     0.79231855
      1.7230157
      2.0137861
     0.58455225
      1.9064941
     0.98170737
      1.1985397
      1.4526002
     0.87246894
     0.93327549
      1.1082187
     0.90314562
      2.1251645
     0.97592352
     0.18020259
     0.90944724
     0.84064604
      1.7093007
      2.1898961
     0.93903109
      1.5076727
     0.68949350
      1.3844369
      1.1309285
      1.1325469
     0.64025109
      1.2989591
      1.2026197
      2.1464123
      1.3395998
      1.3280007
     0.85078842
     0.56976136
      1.0855403
