      1.4170628
     0.98801557
     0.72638574
     0.98658924
      1.8152458
      2.0555756
     0.59916336
      2.3254386
     0.30951769
     0.73242664
      1.9683674
      1.6189218
      1.5521057
     0.50431228
      1.2360007
     0.82299742
      1.2941458
      1.6803704
     0.89744835
     0.79250087
     0.95298559
     0.79747600
      1.0219561
      2.1489276
      1.3641909
      1.2869029
      1.2629242
      1.0405198
     0.91492727
      2.5088203
      1.1804994
     0.55965634
     0.73080683
      1.4654476
     0.78410169
      1.4314472
     0.93468457
      2.0244305
      1.7557781
      1.5995702
      1.7475926
     0.97426292
      1.8658236
     0.48911611
      1.0589570
      1.1154890
      1.3951042
     0.76413898
      1.1950073
     0.86801289
     0.65192171
      1.4175187
      2.4062945
      1.2932007
     0.66239640
     0.95073174
      1.1394125
     0.59195307
      1.1852116
      1.4472839
      1.8809957
     0.59648638
      1.0479338
      1.0702294
     0.94978925
      1.6123954
     0.84793991
     0.84207195
     0.84860931
      1.7156224
      1.1540263
     0.52253984
     0.31469140
     0.69095988
      1.4304166
     0.72502042
     0.81398235
     0.70794297
      1.0003054
     0.75627457
      1.1421547
     0.95434873
      1.2892088
      1.0188299
     0.76856278
      1.0633533
     0.86967483
     0.91834158
      1.0851844
      1.9808280
      1.0668846
      1.6146345
     0.38565204
      1.0993117
      1.6977400
     0.50132282
      1.8521807
     0.88001519
     0.70823293
     0.71385429
