     0.93250183
      1.9096395
      1.8438813
      1.0361944
      1.6668867
      1.0285654
      1.2120656
      1.1682740
     0.47115601
     0.85387603
      1.4834115
     0.74172488
     0.72510889
      1.5590827
     0.53918545
     0.83001215
      1.1587034
      1.0733662
      1.2152328
     0.77175665
      2.2041808
     0.53651967
      1.3265427
      1.2055097
     0.85001128
     0.63988264
     0.47154111
      1.3746965
      1.6348054
      1.9586209
      1.6674377
     0.92860657
     0.55450286
      1.0740147
     0.41486346
      1.3326918
     0.70203963
    0.074362181
      1.0407599
     0.66800196
     0.97778679
      1.1178515
     0.85542027
      1.0094430
      1.2979962
      1.9825492
     0.73409173
      1.7181369
      1.6467448
      1.5271097
      1.5735729
      1.3450615
     0.49652422
      1.1905326
     0.90867130
     0.65197011
      1.3970091
     0.58010456
     0.60129575
      1.0671131
      1.0423052
     0.94156054
     0.65944020
     0.81693966
     0.64138705
     0.26455503
      1.1121864
     0.80621079
     0.78082975
      1.0298902
     0.38136303
     0.33696679
     0.51229459
      1.2727357
      1.0774079
     0.66367875
      1.6203547
     0.47777746
     0.99583436
      1.4256801
      1.8590863
      1.5301829
     0.59621739
      1.2456880
     0.90828796
      1.3498316
     0.95145505
     0.81136033
     0.89349883
     0.96313284
      1.1378244
     0.91625670
      1.4775019
      1.4947674
      1.2218625
      1.0621953
     0.48350599
     0.52317912
      1.7008011
      1.4042571
