   0.0046688076
   0.0043518718
   0.0046527252
   0.0051144615
   0.0049837572
   0.0045020379
   0.0046369520
   0.0044680499
   0.0078571851
   0.0042939910
   0.0042452561
   0.0046169598
   0.0050522083
   0.0047758901
   0.0041335533
   0.0040284988
   0.0050554927
   0.0041290840
   0.0043792627
   0.0039618041
   0.0044321750
   0.0039861193
   0.0037445094
   0.0043578255
   0.0039692722
   0.0038243220
   0.0037320509
   0.0046831398
   0.0037166325
   0.0037628972
   0.0035049123
   0.0036965538
   0.0034519024
   0.0039377455
   0.0036640326
   0.0041190361
   0.0042691703
   0.0041910221
   0.0039930849
   0.0030009924
   0.0039302640
   0.0042287742
   0.0035290320
   0.0034655141
   0.0040887909
   0.0033524456
   0.0034174099
   0.0037300852
   0.0034993549
   0.0035004832
   0.0040250306
   0.0061969749
   0.0063395231
   0.0036173336
   0.0035258262
   0.0039187580
   0.0038511631
   0.0038863672
   0.0034694544
   0.0039032872
   0.0035530040
   0.0035895220
   0.0034909570
   0.0040878971
   0.0036392865
   0.0045726542
   0.0036707550
   0.0077592712
   0.0034902679
   0.0036975510
   0.0037455316
   0.0035734411
   0.0036880492
   0.0035455553
   0.0078412017
   0.0040887101
   0.0036570175
   0.0036546885
   0.0037578126
   0.0036714345
   0.0039586424
   0.0036388329
   0.0039136070
   0.0036641685
   0.0037075265
   0.0037336588
   0.0045654799
   0.0034255586
   0.0036425505
   0.0043304756
   0.0059341776
   0.0035295709
   0.0034422397
   0.0037135787
   0.0038011958
   0.0037903345
   0.0036117938
   0.0042552164
   0.0035166712
   0.0046725268
   0.0032790500
   0.0039548624
   0.0058594833
   0.0034956771
   0.0034064343
   0.0035134723
   0.0036999233
   0.0034082693
   0.0033840904
   0.0039769032
   0.0034078529
   0.0037634068
   0.0033626319
   0.0031925232
   0.0032880998
   0.0033582017
   0.0031710157
   0.0031427932
   0.0035978592
   0.0031722398
   0.0034863300
   0.0030717257
   0.0039678361
   0.0031877011
   0.0030014283
   0.0036127589
   0.0033905068
   0.0033881719
   0.0035204667
   0.0032331002
   0.0032811723
   0.0030226807
   0.0031916311
   0.0041769638
   0.0033152855
   0.0037312972
   0.0038775123
   0.0031777748
   0.0039722369
   0.0029292929
   0.0030147271
   0.0031072560
   0.0030847075
   0.0029091049
   0.0023826662
   0.0036610012
   0.0028200267
   0.0033949115
   0.0030916205
   0.0041128452
   0.0028627834
   0.0031233244
   0.0029359163
   0.0034681075
   0.0028383712
   0.0031801716
   0.0027121326
   0.0056094465
   0.0027764854
   0.0027726646
   0.0030375658
   0.0026734804
   0.0028212997
   0.0029140815
   0.0028288144
   0.0031087208
   0.0031764000
   0.0027346915
   0.0027605857
   0.0027387821
   0.0027416744
   0.0026856421
   0.0028347578
   0.0028967180
   0.0029029072
   0.0029914990
   0.0025723780
   0.0026117398
   0.0027560306
   0.0032894027
   0.0025965020
   0.0027158653
   0.0032382522
   0.0027184029
   0.0025393730
   0.0029030493
   0.0025879353
   0.0028401221
   0.0029853682
   0.0037761165
   0.0025723017
   0.0025422819
   0.0074143316
   0.0027437549
   0.0029007061
   0.0025648269
   0.0023081232
   0.0027067983
   0.0027387166
   0.0029108299
