  0.00015226563
  0.00035072032
  0.00070917618
   0.0012507676
   0.0014087679
   0.0013745321
   0.0012549855
   0.0010720399
   0.0011743514
   0.0013566896
   0.0013842686
   0.0012968098
   0.0012579738
   0.0012943026
   0.0011757429
   0.0016138529
   0.0014945350
   0.0013689001
   0.0012740225
   0.0011336284
   0.0012101575
   0.0013709912
   0.0013892221
   0.0011797601
   0.0013496467
   0.0012084424
  0.00094154781
   0.0013195686
   0.0011713554
   0.0012769192
   0.0015664753
   0.0010861127
   0.0010592972
   0.0013835268
   0.0010894250
   0.0012070491
   0.0013277815
   0.0011960503
   0.0010573772
   0.0010675668
   0.0013034315
   0.0012617952
   0.0011022423
  0.00093376722
   0.0013645345
   0.0013208224
  0.00096432821
   0.0013944783
   0.0014006702
   0.0013326438
   0.0012350704
   0.0011788723
   0.0012588585
   0.0012325501
   0.0012681463
   0.0013650765
   0.0012359534
   0.0014474441
   0.0011484563
   0.0013807270
   0.0012837047
   0.0013018946
   0.0012803117
   0.0015002602
   0.0014789183
   0.0015042401
   0.0013910161
   0.0011674422
   0.0012818795
   0.0011871781
   0.0013889424
   0.0013265220
   0.0015275997
   0.0011725453
   0.0011882922
   0.0015219665
   0.0013618267
   0.0012216130
   0.0012925526
   0.0012524400
  0.00091773214
   0.0015437011
   0.0014975574
   0.0012115448
   0.0013372451
   0.0013891666
   0.0012564755
   0.0013471905
   0.0014150691
   0.0014875083
   0.0012738196
   0.0013294408
   0.0012052831
   0.0014377522
   0.0012413437
   0.0010265048
   0.0011250299
   0.0010467565
   0.0011826884
   0.0011381354
   0.0014549568
   0.0014334465
   0.0015071918
   0.0013527072
   0.0011894707
   0.0012235385
   0.0014806553
   0.0013587478
   0.0014319876
   0.0013223389
   0.0012873334
   0.0014281161
   0.0016351656
   0.0014889869
   0.0013105337
   0.0016669250
   0.0013671683
   0.0015145265
   0.0014113469
   0.0013286089
   0.0010849124
   0.0013441470
   0.0014946450
   0.0011474056
   0.0013617994
   0.0012072754
   0.0011713148
   0.0013810264
   0.0010932353
   0.0013774835
   0.0012597241
   0.0011654208
   0.0014851399
   0.0012370179
   0.0014739623
   0.0014673194
   0.0013655014
   0.0013624492
   0.0012700618
   0.0015927556
   0.0013071186
   0.0013569081
   0.0016053591
   0.0014220424
   0.0013301927
   0.0014237278
   0.0011986838
   0.0013690187
   0.0014117217
   0.0012710910
   0.0010177436
   0.0012945808
   0.0016907446
   0.0013138723
   0.0013803710
   0.0012023735
   0.0012800838
   0.0010755470
   0.0011944907
   0.0014571901
  0.00094048005
   0.0012112414
   0.0012462459
   0.0014061261
   0.0013319256
   0.0015158015
   0.0014948309
   0.0015908037
   0.0014829300
   0.0013390477
   0.0013593808
   0.0014639573
   0.0013507284
   0.0012953150
   0.0014169700
   0.0014606545
   0.0010636228
   0.0011696783
   0.0013898080
   0.0012403133
   0.0012454028
   0.0014478272
   0.0012411979
   0.0012506023
   0.0015084415
   0.0013757547
   0.0015232552
   0.0013396486
   0.0013219714
   0.0012909261
   0.0014717949
   0.0010992473
   0.0012995140
   0.0014715947
   0.0014697180
   0.0012732473
   0.0012974147
   0.0012397962
   0.0012644330
   0.0013043945
