      3.0123396
      2.9812725
      2.9733696
      2.9646338
      2.9624664
      2.9629253
      2.9645742
      2.9672580
      2.9657312
      2.9631667
      2.9627942
      2.9639888
      2.9645321
      2.9640236
      2.9657109
      2.9598272
      2.9613408
      2.9630014
      2.9643065
      2.9663306
      2.9652127
      2.9629731
      2.9627277
      2.9656524
      2.9632625
      2.9652373
      2.9693153
      2.9636741
      2.9657749
      2.9642660
      2.9604213
      2.9670438
      2.9674532
      2.9628042
      2.9669936
      2.9652574
      2.9635613
      2.9654160
      2.9674827
      2.9673264
      2.9638969
      2.9644782
      2.9668000
      2.9694424
      2.9630604
      2.9636569
      2.9689464
      2.9626573
      2.9625745
      2.9634946
      2.9648564
      2.9656653
      2.9645196
      2.9648923
      2.9643890
      2.9630531
      2.9648439
      2.9619547
      2.9661111
      2.9628419
      2.9641712
      2.9639182
      2.9642186
      2.9612668
      2.9615433
      2.9612155
      2.9627037
      2.9658321
      2.9641967
      2.9655445
      2.9627315
      2.9635786
      2.9609155
      2.9657576
      2.9655284
      2.9609876
      2.9630971
      2.9650484
      2.9640479
      2.9646102
      2.9697059
      2.9607100
      2.9613017
      2.9651927
      2.9634316
      2.9627285
      2.9645532
      2.9632959
      2.9623826
      2.9614318
      2.9643094
      2.9635385
      2.9652828
      2.9620823
      2.9647673
      2.9679609
      2.9664585
      2.9676464
      2.9656098
      2.9662637
      2.9618561
      2.9621391
      2.9611774
      2.9632208
      2.9655113
      2.9650209
      2.9615207
      2.9631388
      2.9621584
      2.9636360
      2.9641206
      2.9622096
      2.9595628
      2.9614126
      2.9637987
      2.9591720
      2.9630248
      2.9610831
      2.9624321
      2.9635499
      2.9670620
      2.9633374
      2.9613394
      2.9661266
      2.9630974
      2.9652541
      2.9657755
      2.9628378
      2.9669359
      2.9628855
      2.9645074
      2.9658617
      2.9614625
      2.9648287
      2.9616078
      2.9616944
      2.9630473
      2.9630886
      2.9643621
      2.9600907
      2.9638459
      2.9631638
      2.9599331
      2.9622900
      2.9635282
      2.9622677
      2.9653780
      2.9629997
      2.9624271
      2.9643476
      2.9680979
      2.9640197
      2.9588813
      2.9637526
      2.9628467
      2.9653247
      2.9642217
      2.9672045
      2.9654386
      2.9618268
      2.9693328
      2.9651971
      2.9646978
      2.9625017
      2.9635044
      2.9610667
      2.9613370
      2.9601151
      2.9614912
      2.9634070
      2.9631302
      2.9617383
      2.9632477
      2.9640095
      2.9623573
      2.9617815
      2.9673868
      2.9657994
      2.9627199
      2.9647819
      2.9647097
      2.9619497
      2.9647694
      2.9646361
      2.9611613
      2.9629088
      2.9609711
      2.9633988
      2.9636411
      2.9640705
      2.9616360
      2.9668451
      2.9639512
      2.9616386
      2.9616631
      2.9643174
      2.9639804
      2.9647893
      2.9644411
      2.9638836
