   0.0019810985
   0.0016129504
   0.0020353150
   0.0016348472
   0.0016011053
   0.0017991205
   0.0018714690
   0.0021326803
   0.0018752083
   0.0017976193
   0.0021463280
   0.0017491302
   0.0027985712
   0.0020203012
   0.0020595827
   0.0016021035
   0.0018954937
   0.0017338482
   0.0028303537
   0.0019070823
   0.0018569072
   0.0020299127
   0.0017197432
   0.0013951545
   0.0017327630
   0.0023321629
   0.0020189969
   0.0018166583
   0.0017667768
   0.0018513315
   0.0016199643
   0.0021640128
   0.0027725538
   0.0016322853
   0.0021287574
   0.0019705482
   0.0032759275
   0.0018783263
   0.0024804359
   0.0016680502
   0.0017003740
   0.0019364167
   0.0019693472
   0.0021445797
   0.0016889371
   0.0018130450
   0.0044255053
   0.0015580276
   0.0015674385
   0.0019107054
   0.0022369475
   0.0018955114
   0.0017718833
   0.0025763318
   0.0016906745
   0.0015847407
   0.0016877513
   0.0021340771
   0.0021589838
   0.0017531865
   0.0017513481
   0.0020562331
   0.0018380244
   0.0016927992
   0.0019767485
   0.0017968106
   0.0018371010
   0.0021415320
   0.0023212586
   0.0019294878
   0.0017475428
   0.0017101915
   0.0015476693
   0.0023250186
   0.0019834995
   0.0020991487
   0.0017414211
   0.0017616476
   0.0018498618
   0.0020788562
   0.0037875661
   0.0015950779
   0.0016184988
   0.0020441063
   0.0018023836
   0.0017277346
   0.0017350123
   0.0017004378
   0.0018240141
   0.0015652624
   0.0019011555
   0.0018152044
   0.0024561944
   0.0016571509
   0.0019936555
   0.0023450823
   0.0027530982
   0.0029282452
   0.0019491898
   0.0029165996
   0.0016092574
   0.0021407235
   0.0016220004
   0.0016228812
   0.0021337018
   0.0017346665
   0.0016965373
   0.0018480502
   0.0015968497
   0.0018289857
   0.0025678518
   0.0016325075
   0.0015832415
   0.0017095565
   0.0020152733
   0.0016009981
   0.0018601814
   0.0015284330
   0.0017344527
   0.0017956691
   0.0032782598
   0.0017242643
   0.0025432647
   0.0021997258
   0.0017624755
   0.0026069320
   0.0027474993
   0.0017653180
   0.0021627173
   0.0018276332
   0.0019432696
   0.0028633112
   0.0016112183
   0.0019196153
   0.0019198243
   0.0016600401
   0.0016204564
   0.0019393616
   0.0017327300
   0.0015801519
   0.0019459234
   0.0019077006
   0.0016151806
   0.0017794943
   0.0016584476
   0.0016342726
   0.0019374403
   0.0023208712
   0.0017381463
   0.0019549570
   0.0020627732
   0.0023840908
   0.0015076796
   0.0016866325
   0.0018155085
   0.0021828856
   0.0017274488
   0.0020524104
   0.0031949281
   0.0017219142
   0.0035362498
   0.0019499740
   0.0017078969
   0.0017669249
   0.0018926176
   0.0017182294
   0.0015599836
   0.0019684917
   0.0018069585
   0.0017073784
   0.0017779688
   0.0017476351
   0.0016501137
   0.0020126028
   0.0016750198
   0.0017223663
   0.0018356397
   0.0020499805
   0.0016854490
   0.0018411396
   0.0018697539
   0.0016636898
   0.0016202859
   0.0020434032
   0.0015413387
   0.0016647839
   0.0016289984
   0.0023219039
   0.0017482721
   0.0027965658
   0.0015843763
   0.0017749805
   0.0017547798
   0.0017688700
   0.0017964845
   0.0023920839
   0.0036460143
   0.0018689347
   0.0017475650
   0.0020650830
