      2.6444670
     0.69153055
     0.98926665
     0.72447298
      1.1517621
      1.1572580
      1.0739722
     0.94472688
      1.5382384
      1.1059482
      1.4644679
     0.77697069
      1.8394765
      2.0151986
     0.33495664
     0.69098060
      1.5155778
     0.98270200
      1.8198943
      1.5734584
     0.52930917
      1.1392244
     0.68872563
      1.1971046
      1.2608374
      1.8315005
     0.76008041
     0.73632424
     0.74631577
      1.0390874
      1.6964617
     0.74623148
      1.0534394
      1.5931880
      1.3861788
     0.30223359
      2.1208506
     0.53975766
     0.86140836
      1.5851190
      2.6718865
     0.99014845
      1.7237709
     0.60732541
     0.94628236
      1.3617219
     0.38386206
      1.4032807
      1.1535069
     0.85232669
