      1.0069168
      1.0614739
      1.4359786
      1.7190291
      1.0136323
      1.1233279
      2.1627887
      1.8980875
      1.0339716
      2.1674053
      1.9719766
     0.53953622
     0.57087220
      1.4755567
     0.70222047
      1.1070068
     0.35228888
     0.78173761
      1.2957612
     0.88159860
     0.69595659
      1.1672568
     0.98140355
      1.5259805
     0.78638162
      1.2187589
      1.1090627
      1.5090288
      1.1551904
      1.6863558
      1.1054939
      1.1901568
      1.3363366
     0.47271097
      1.5965895
      1.0935553
      2.3455812
      1.7149769
      1.3425520
     0.69397925
      1.3588199
     0.58080889
      1.5494540
     0.54772794
      1.2240986
      1.1428586
     0.55839246
     0.95407845
     0.20596931
     0.93039062
