      1.5556115
      1.0916886
      1.2481853
      1.5008954
     0.95413304
      2.5784901
      1.3725164
     0.49908492
      1.2972597
     0.38310705
      1.0839032
      1.2151739
      1.3627634
     0.39274038
      1.2877412
      1.4122773
      1.2562520
      1.3600599
     0.98195399
      1.3181474
      1.5262454
      1.5236966
     0.46444564
      2.1149215
     0.41782778
     0.91066508
      1.5489656
      1.2172806
     0.26712280
     0.53925636
     0.69542834
      1.2069421
      1.0097814
     0.67191722
      1.2030191
      1.9918370
      1.4007865
      1.0826198
     0.75060395
      2.0082353
      1.5169060
     0.71343564
      1.5104805
     0.97393833
     0.86719003
     0.74533332
     0.60739517
     0.89660959
      1.5759185
     0.88876515
