      2.2343164
      1.4691875
     0.79199945
     0.41931259
     0.61080962
      1.2919927
      2.0127903
      2.1023355
      1.7122937
      1.1629952
      1.3963498
     0.76023233
      1.4760315
      1.3331619
     0.66424801
      1.4831218
      1.6425685
      1.4045896
     0.78658896
     0.98061074
     0.41916698
      1.5068682
     0.99682241
     0.30139874
      2.1049191
     0.40821994
     0.81275564
    0.028177165
      1.4077239
     0.97675877
      1.7765115
      1.8081630
      2.3508736
      1.4979885
      2.0338794
     0.49831677
      1.5419231
     0.75026286
      1.5685126
     0.41286269
     0.41063238
     0.76251563
      2.0584561
      1.5399861
     0.86204009
     0.79015264
     0.74518111
      1.6644239
      1.1445074
      1.7987134
