      2.2126580
     0.68711475
      1.3417009
     0.70686360
     0.45578433
     0.82348033
      1.1490767
      1.5836415
      1.9444126
     0.95366217
      1.4778620
      1.8691699
      1.0056335
      2.1340571
     0.84996121
     0.90671936
      1.0260917
      1.4832002
     0.96893474
     0.85143521
     0.89051382
      1.6440531
      1.2998611
      1.1256816
      1.0883933
      1.3510746
      1.4862255
     0.41849612
      1.1647427
      1.3088579
      1.5233336
      2.3422521
      1.3422833
     0.57332642
      1.0322764
      1.2358012
      2.7058288
     0.29402117
     0.60771892
      1.3432624
      1.3656525
      2.2668019
     0.53990068
     0.47395687
      1.4269951
     0.56817652
      1.6638117
      1.4748547
     0.87178869
     0.88309568
