      1.2814014
     0.86577012
     0.82277635
      1.4713271
      2.1862303
     0.91464817
     0.84192163
     0.80787661
      1.2406355
     0.46783822
      1.6282758
      1.1400800
      2.4713204
      1.0065291
      1.1279439
      1.0652787
      1.3486812
      1.1795874
      1.1307374
     0.99442012
      1.3545728
      2.0901547
      1.7097581
      1.4606956
      1.4630234
      1.4963514
      1.2852698
      1.8800292
     0.42184918
      1.2646802
      1.6733401
     0.74194278
      1.0354359
     0.49143021
     0.67186859
     0.48748563
     0.81541822
     0.61842003
      1.6651251
      1.4631033
     0.83615487
     0.63208932
     0.88850459
     0.36597541
     0.34444173
      1.4263061
      1.1209605
      1.1728935
     0.81057882
     0.19233471
