      1.8674553
     0.67830208
      1.1969679
      1.4941789
      1.7955089
      1.4085512
      1.2166104
     0.53479326
     0.82115728
     0.62518295
      1.5621076
     0.22749338
      1.1385241
      1.2039959
     0.63222165
     0.67108719
      1.6014922
      1.1113173
      1.4941593
      1.7851555
      1.1143432
      1.5937599
      1.1014190
      1.9514546
      1.7126436
      1.6389852
     0.75009777
      1.4737967
      1.6027638
      1.0417874
      1.5036926
      1.9625250
     0.73057329
      1.3389638
      2.0462841
      1.0213191
      1.4611511
      1.5145018
     0.30754182
     0.99126525
     0.69425323
      1.5747897
      2.0601626
      1.1748130
     0.83344926
      1.3571377
      2.4225353
      1.8464467
     0.47580427
      1.3297459
