      2.0350088
      1.3656660
      1.4456736
      1.0841646
      1.9261838
     0.50353420
      1.0362155
      1.8596066
      1.6732936
      1.3795863
     0.83190506
      1.7664997
      1.3928383
      1.1253788
      1.1187298
      1.9904101
      1.3744494
      1.7628778
     0.61407055
      1.3102656
      1.4111249
     0.70049392
      1.0797047
      1.0623434
     0.55692936
      1.1582691
     0.70122779
     0.59344559
      1.1897223
     0.63804232
      2.5565353
      1.7481617
      1.9207681
     0.61636155
      1.7997950
     0.82951767
      2.7897764
     0.59260704
     0.82776586
      2.1588274
      1.0896107
      1.3470172
     0.92822406
      1.2365484
      1.6690505
     0.64350116
      1.2263320
      1.0324472
     0.37668554
      1.8330243
