      1.6008797
     0.95189916
      1.0317906
     0.82811872
      1.5808551
     0.98044968
      1.2005967
      1.0776742
     0.97033348
      2.2847974
     0.89908579
      1.1330170
      1.1656201
      1.4195390
      1.2004195
      1.1981622
      2.0263818
     0.66633544
      1.1241912
     0.92053974
     0.76557593
      1.4745824
      1.2872808
     0.46973772
      1.4279014
      1.1936524
     0.63560474
     0.78273012
      1.2682134
      1.3752114
     0.63342227
      2.3108680
     0.57814373
     0.87027761
      2.4806385
     0.71774230
      1.0847412
     0.34650615
      1.8136520
      1.2333152
     0.74260262
     0.40251689
      1.8255923
     0.98790553
      1.1640409
      1.6333942
      1.0304546
      1.3648179
      1.8417349
     0.56448764
