     0.40787380
     0.84755674
     0.28134501
      1.7400642
      1.1674120
      1.6966261
      1.3111157
      1.0460752
     0.83774862
      1.1739739
     0.77166354
     0.91979923
      1.1994184
      1.0536312
      1.3442710
      1.3396280
      1.2285197
     0.51167096
      1.3256294
      1.0243393
      1.1958695
     0.93844036
     0.57776561
     0.86391091
     0.74611885
      1.8598919
      1.2808679
      1.3859681
      1.6880510
      1.2234734
      2.1048081
      1.4161665
     0.44069152
     0.47182284
     0.80473115
     0.59993712
     0.73187540
     0.74718711
     0.71846769
     0.40751379
     0.81838063
     0.49305042
      1.0370056
     0.50732983
     0.79635901
     0.60454390
      1.5222428
      1.4432832
      1.5517105
      2.2799170
