      1.4632694
      1.4092929
     0.94131522
      1.1947746
      1.6933081
     0.69847260
      1.6385951
      1.3278767
      1.0762063
      1.2947929
     0.66952753
      1.6718356
     0.92728150
     0.38449231
     0.87124221
      1.0841181
     0.53664477
      1.3608302
     0.42767995
      1.0469178
      1.7023631
      1.0117523
      1.0098294
     0.80972025
     0.86801664
     0.64497112
     0.85053300
      1.5949068
      1.3574473
      1.5986622
      1.1990199
      1.8782507
      1.6619649
     0.83599838
     0.27341428
      2.4833717
     0.37804809
     0.74577957
     0.40028653
     0.95519111
      1.8796820
      2.0510834
     0.77902065
      1.3144821
      1.6800282
      1.9848584
      1.5399833
      1.5159311
     0.50160087
      2.1974543
