      1.7282538
     0.85580478
      1.2138651
      1.7896975
      1.5722971
      1.4409629
      1.0602387
      1.4923038
      1.2298563
      1.5875581
     0.63968771
      1.2478943
     0.82144846
     0.46519311
      1.4622792
      1.5413404
      1.1061805
     0.69515452
     0.73060616
      1.0419559
      1.5327269
     0.71349150
     0.78817780
      1.0482688
     0.66493082
      1.5442796
      1.7923873
      1.2568650
      1.9436586
     0.95020491
      1.0266933
      1.8377822
      1.0141367
      1.1064446
      1.1384739
     0.74103900
      1.4700154
      1.2734381
      1.8461247
      1.4834935
      2.0761287
      1.3532223
      1.1560330
     0.66133777
      1.3113714
     0.39954738
      1.2755000
     0.90639613
     0.79199042
      1.5570037
