     0.47600015
      2.1310911
     0.82343641
     0.82300401
      2.2989638
      1.8169528
     0.54088740
      1.0921659
     0.72804592
      1.3510902
     0.33274406
     0.54825785
     0.69932659
     0.83290548
     0.91334051
      1.0833473
      1.4202591
      2.8513432
     0.59757361
      1.9708297
     0.31446742
     0.30723421
     0.78130011
      1.3549723
      1.2374260
     0.77738319
      1.6957801
     0.42547298
      1.8422429
     0.59407683
      1.2264567
      1.5924865
     0.40453278
     0.94871310
     0.90356410
      1.8747173
      1.8010772
     0.75525472
      1.0488344
      1.2814747
      1.5149723
      1.4639456
      1.6907564
     0.23341584
     0.73866594
      1.0020395
      2.3727930
      1.1163630
      1.0961792
      1.5443763
