     0.55571695
     0.31835215
     0.69943257
      1.3631624
      1.3775550
      1.5078061
     0.62775431
     0.97054874
      1.4386910
      1.2197055
      1.5069444
      1.4861098
      1.5353896
      1.2687607
     0.59091800
     0.63290841
      1.6639159
      1.2611685
     0.55158015
      2.2531324
      2.2092737
      1.9547384
      1.8312927
     0.93079291
     0.89475067
      1.0808206
     0.85405553
      1.5617422
     0.49679328
     0.46561647
     0.66112586
      1.7901332
     0.41174978
      1.0261105
      1.0418405
      1.1512643
      1.5340136
      1.2039129
      1.4689249
      2.0579645
      1.3218528
     0.95974076
     0.36695878
      1.1286961
      1.9699269
      2.2278126
      1.1646865
     0.74182737
      1.0239375
     0.82982260
