      1.6848497
      1.0152534
      2.4016799
      2.2085941
     0.47686610
      1.6316724
     0.98869557
      1.6167135
      1.1047340
      1.3479622
     0.54547503
      1.3619926
     0.82695556
      2.5009202
      1.3114185
      1.0841430
      1.0497780
     0.59762102
      1.7584300
      1.6772483
      1.5015624
      1.7739334
     0.38187383
     0.59492564
      1.3428608
      2.1216391
      1.4855953
      2.9404344
      1.1959463
      2.0397701
      1.0277073
     0.70033131
      1.6779797
     0.44782998
      1.4923264
     0.74414029
     0.41440905
      1.9321936
     0.99145376
      1.0230341
     0.75620985
      2.5938289
      1.0501294
     0.80514868
      2.0982843
      1.5877257
     0.47958765
     0.94723641
      1.3952471
     0.44754866
