      2.3280774
      1.1116147
     0.95313859
      1.2723248
     0.94658858
      1.3099696
      1.3843446
     0.92576132
     0.96018170
     0.97533181
     0.99664180
     0.84051191
      1.4503222
      1.1754387
      1.0750104
     0.59791565
      1.3431317
      1.5526369
      1.9526732
      1.9423666
      1.6434880
      1.3319360
      1.6031830
      1.0460326
     0.86103931
      2.1298114
      2.1498110
     0.81892820
      1.2652156
      1.0202302
      1.1871473
     0.48772475
      1.1015408
      1.5483068
      1.1026009
      1.1424626
      1.5883998
     0.67933861
      1.4321586
     0.24749735
      1.6871291
      1.2605471
      1.4719217
      1.0129312
      1.0516074
      1.3575758
      1.4405049
      1.6430758
      1.0858209
      1.6751497
