     0.73816742
      1.3048500
      2.9159700
      1.0112894
     0.59639382
      1.4223267
      1.0917694
     0.17154728
     0.68101612
     0.36055187
      1.4144572
      1.0577585
     0.76707103
      1.6580479
      1.1188302
      1.5850649
      1.4699862
      1.6630228
     0.70944820
      1.1617904
      1.9379534
      1.1485565
      1.3327997
      1.2473067
      1.9491205
      1.3221159
      1.1881971
      1.1666839
     0.14499426
     0.75147771
     0.90996464
     0.44267512
      1.5227925
      1.0035293
     0.88698825
     0.62962122
      1.4801933
      2.1919954
     0.39252432
     0.58473720
      1.9832481
     0.43065277
      1.5544493
      1.2657702
      1.1069742
     0.83166610
     0.17576137
      1.7101298
     0.87186938
     0.58790615
