     0.27487491
      1.1848274
      1.0570877
      1.5240240
      1.6495638
      2.5067898
      1.3869182
      1.6125725
      1.6113770
      1.8204071
      1.1153764
     0.47696203
      1.0426593
     0.43291535
      1.4685418
     0.59119283
      2.6720826
     0.69271765
      1.2831412
      1.8604786
     0.87551921
      1.4020987
     0.94108401
     0.92764973
     0.42079558
      1.7801645
     0.55141251
     0.86049981
     0.93831844
      2.1856561
     0.69036643
     0.92218556
      1.1176204
     0.75041478
     0.80275837
      1.4729084
      2.0530095
      1.4871046
      1.1065045
      1.5923496
      1.8924570
      1.9174282
      1.5683163
      1.4875711
      1.6926909
      1.7659027
      1.1065835
     0.87111520
      1.3991748
      2.2776999
