      2.2387869
     0.83675385
      1.7695563
      1.9596349
      1.7896026
      1.7559774
     0.95846779
     0.90502931
     0.74363147
     0.85573635
      1.4656644
      1.6983275
     0.71599125
     0.60149916
     0.94180942
      1.3596655
      1.0789154
      1.9641833
     0.58793753
      1.8453213
      1.4524246
      1.0501583
      1.0145584
     0.46431865
      1.1926256
     0.35619041
      1.2644306
      1.5600934
      1.3409446
      1.4729532
     0.86486141
      1.2325354
      1.1663096
      1.5174769
      1.4010448
     0.23044910
      1.7231426
      1.2544220
     0.51372708
     0.81172127
      1.1127728
      1.0180929
     0.97407700
      1.5862921
     0.69775355
      1.6253733
      1.2930311
     0.97459983
      1.0282457
     0.63971935
