      1.6899843
      1.9999012
      1.4802343
     0.81524938
     0.53872578
      1.3377705
      2.5529985
     0.69275836
      1.3328564
      1.3045855
      1.0225679
      1.1198798
      1.5117569
      1.2441375
      1.1724424
      1.2363909
      1.7673348
      1.4237005
     0.58295242
     0.39881013
      1.1158822
     0.65687377
     0.82795980
      1.6998498
     0.89070348
      1.2378282
      1.5610098
      1.8985193
      1.4246697
      1.0191584
      1.1224480
      1.6121834
     0.56014522
     0.25878457
      1.0482893
     0.57578026
      1.7849730
      1.4218284
      1.3645902
     0.81894389
      1.4618728
      1.7636819
      1.4211342
     0.79662010
      1.4130328
     0.64076753
      1.5125957
     0.56862847
     0.90869065
      1.4036327
