      1.2357224
      1.0372674
     0.30972183
      1.9489322
     0.73132521
      1.2466531
      1.0630940
      1.6856457
      1.0718750
      1.7936375
      1.2889805
     0.54181402
      1.3975830
      1.8010373
      1.9209302
      1.8172186
      1.3825437
      1.4728450
      1.0157107
     0.94598938
      1.6403481
     0.50234403
      1.4745485
      1.0306523
     0.73911331
      1.3264338
      1.4422006
      1.5974831
      1.1078428
     0.81166721
     0.75920758
      1.1519081
      1.2700255
     0.77967299
     0.64728746
      1.4056454
      1.2832799
      1.2274042
     0.83407413
      1.3090107
      1.6003287
     0.56287186
     0.98531512
      1.2995841
      1.1409807
      1.1843861
     0.55777285
     0.57391105
     0.70470187
      1.2274049
