      1.3921362
     0.77654785
      1.0992278
      2.3349058
     0.83502168
      1.3672350
     0.68217330
      1.6517286
     0.84883409
     0.69567973
     0.27210182
     0.88202842
      1.7505950
      1.2726402
    0.072991899
     0.83648501
     0.24850688
      1.1538718
      1.1511933
      1.9707409
      1.4315598
      1.3390344
     0.80616016
      1.0323028
     0.86440766
     0.87775006
      1.1305593
      1.6185344
      1.5249201
      1.2094090
      1.8432312
      1.6779314
     0.76955803
     0.34310518
      1.7028295
     0.98104785
     0.53329419
     0.79680579
      1.1117752
      2.5349636
      1.3066191
      2.1193821
      1.2681134
      1.1527854
     0.38312450
     0.73424889
     0.57750156
      1.7998237
     0.99689843
      1.2263164
