     0.76821573
     0.82688328
      1.7919569
      1.6597166
      1.2896551
      1.0267778
      1.4977896
      1.0270412
      1.9249357
     0.35216166
      1.2663123
      1.2750874
     0.59896281
      1.8116288
     0.80090731
     0.88072798
      1.2094000
      1.5138089
      1.1172266
      1.4516582
      1.3810656
      1.3958884
     0.98112449
      2.0494413
      2.2304711
      1.2512696
     0.63184947
     0.79106389
     0.22807413
     0.36646278
      1.7193415
      1.1728034
      1.5683174
      1.1224495
     0.90447462
      1.4403584
      1.3966328
     0.74619788
      1.2305511
      1.8008283
      1.2928709
      2.0580754
     0.53431026
     0.98237678
      1.1504628
      1.0568209
     0.70500276
     0.78258827
      1.3147471
     0.78126164
