     0.34580747
      1.2060047
      1.8617684
     0.62321969
      1.9180503
      1.8124321
      1.6248401
      1.6186597
     0.75698743
      1.4082667
     0.30824552
      1.3149982
     0.96863117
      1.0797578
      1.0903092
     0.81481312
      2.3813068
     0.89269768
     0.97806919
     0.40887993
      1.2642349
      1.1672205
      1.4148882
      1.4228648
      1.1847881
     0.94058084
      1.7426285
     0.69536542
      1.3347655
     0.64397943
      1.2824846
     0.96145026
      1.3328891
      1.7794123
      1.0434826
      1.8532115
     0.83829948
     0.44889513
      1.7102512
     0.57274432
      1.5959480
      1.4346341
      1.9953018
     0.90961632
      1.0654679
     0.99119023
      1.1496552
     0.51986223
      1.6622557
      1.3526335
