      1.4230622
      2.2358584
     0.57919394
      1.0610481
     0.85867499
      1.1595293
      1.1963443
      1.3604150
      1.0769268
      1.1804463
      1.0790594
      1.0610425
      1.0241351
      1.5354712
     0.95394540
      2.1859055
      1.2871597
      2.0188839
     0.92308316
     0.66138434
      1.4932441
      1.1170374
      1.7124198
      1.3805234
      1.1689401
     0.89604361
     0.70299731
     0.38141045
     0.73550037
     0.83176884
     0.79297314
     0.89829545
     0.37787900
     0.77641667
      2.0562773
      1.1456754
      1.6714207
      1.0122848
     0.91783932
      1.2037858
      2.2152750
     0.99736616
      1.7241033
      1.4592264
      1.2742804
     0.73010363
     0.63916778
      1.0401756
     0.62644074
     0.47219326
