      1.8416056
      1.0294425
      1.2804186
      2.1324715
      1.4353573
      1.3221453
      2.3403480
      1.5230361
      2.6908765
     0.60513051
      1.4924532
      2.3837274
     0.31651035
      1.6636466
      1.4767067
      1.4054654
     0.82386173
      2.3212626
      1.2392916
     0.93749635
      1.7725079
      1.1086371
      1.0383968
      2.2935304
      1.9106415
     0.87688353
     0.98563311
      1.3259975
     0.92456930
      1.0432606
     0.91949366
     0.48547701
      1.0581472
      1.2163506
     0.93461611
      2.2497748
     0.66685296
      1.1097473
     0.97279935
      1.3720138
      2.3005534
      1.9658825
      1.5112352
      1.3348363
      1.4955175
     0.87300233
      1.1385471
      2.0681200
     0.67347536
      1.1638138
