      1.9355424
      1.0417531
     0.57686194
      1.3252675
      1.8525297
     0.35244327
     0.38244805
      2.2769512
     0.84488642
      2.1827582
     0.54721391
      1.3653009
      1.2082417
     0.15357040
      2.1707240
      1.5598195
     0.95989357
      1.9752516
      1.2484460
      1.0085107
      1.2578112
     0.83230808
     0.80254133
      2.1575303
     0.92950288
      2.1486870
      1.3511789
      1.3770821
     0.48074384
     0.54969873
      1.1184217
      1.6108747
      1.8568899
     0.84864245
      2.1882646
     0.86533360
      1.8248402
      1.1274918
      1.5821951
      1.5652998
     0.81449223
      1.2133703
     0.99133787
     0.83999658
     0.58434731
     0.45297704
      1.8487859
      2.3468740
      1.1208089
     0.65945544
