     0.54309467
      1.2070687
     0.74981548
      1.5308086
     0.72991798
      2.1826356
     0.87127002
     0.88832001
     0.64005500
     0.84330591
      1.0034360
      1.3195078
     0.78273171
     0.84170593
      1.2759236
     0.58462840
     0.99808466
     0.73838632
      1.6117678
      1.2008273
     0.83703464
      1.8437701
      1.4308195
      1.5727940
      1.1081892
      1.7254228
      1.1059495
      1.9930389
      1.0766764
      1.0919870
      1.0656462
     0.87741304
     0.78751919
     0.45178583
      1.3647314
      1.2402071
      1.4567186
     0.79601271
      1.5400809
     0.46460113
      1.5907771
      1.2037165
      1.2839081
     0.97670166
      2.0576641
     0.61530239
      1.2160271
      1.6547555
     0.98721407
      1.6610282
