     0.86485373
     0.67895889
      1.6892743
      1.0112707
      1.1889173
     0.80413830
      1.8045350
      1.3330754
      2.3732504
     0.80786341
     0.79718733
     0.77740934
      1.0437650
      1.1640877
      1.2266435
     0.74602590
     0.98431960
      1.6809264
      2.5724438
      1.3853228
     0.53549953
      1.1657463
     0.67220889
     0.77661424
      1.8107150
     0.85716448
      1.2776847
      1.2949291
      1.3930196
      1.3724661
     0.73525810
      1.2714891
      1.2126215
     0.64431298
      1.0817359
      1.8086056
      1.8153361
      1.2574255
      1.3338269
      1.2868726
      1.4919770
      1.7652303
     0.55588686
      2.3925588
      1.2715020
     0.77447815
      1.1082412
     0.99525077
      1.0742593
     0.96363774
