      1.6108186
      1.0378111
      1.1161288
     0.68522064
      1.3374047
     0.21125420
      1.2045396
      1.5436452
      1.4838040
      1.2975449
     0.53286864
      1.2157679
     0.95493167
      2.3475299
      1.1131522
     0.69214056
      1.1362847
      1.9641794
      1.6799032
      1.1039933
     0.45085265
      1.5103818
      2.0709404
      2.1829622
      1.0231898
      2.0199047
     0.90233851
      1.8056221
      1.4236313
      1.0111659
     0.98792679
     0.61265602
      1.5813349
      1.3963619
      1.0833697
     0.97397328
      1.7958753
      1.1592585
      1.2902887
      1.0631236
     0.57473562
      1.0133594
      1.6318401
     0.52027951
     0.81328508
     0.80462106
      1.2317969
      1.7084586
      1.9745359
      1.2436394
