     0.31018496
      1.8817121
      1.9087980
     0.84234935
     0.63616512
      1.6024545
      1.5490860
     0.97329906
      1.7845389
      1.1372507
     0.77161481
      1.0944171
      1.6838643
     0.77250637
      1.2805294
     0.78096942
      1.4806357
     0.91317542
      1.6406870
      1.2641516
      1.2251953
     0.91625119
     0.48212482
      1.1272204
      1.5412429
     0.65411501
     0.83196940
     0.77759627
     0.82772687
     0.89825466
      1.4045271
      1.9720237
      1.3524803
      1.6891451
      1.5040517
      1.0786056
      1.6721185
     0.99047843
     0.94490594
      1.4500142
     0.70658683
     0.41397897
     0.75853464
      1.4934663
      1.0442138
      1.0707942
      1.7781414
     0.84961074
     0.76607549
     0.81537075
