      1.3377655
      2.2286808
      1.2885830
      1.2032018
      3.3047230
      1.2883232
     0.43365374
      1.5960459
      1.2788363
      1.0743131
      1.2385442
      1.7320420
     0.22959658
      1.0276283
     0.96962319
     0.79974829
     0.89849141
      1.7266658
      1.1669811
     0.26954885
      2.2382965
      1.3401269
     0.89385830
     0.73416228
     0.85147537
      1.8437541
      1.8298404
      1.0104364
      1.6644665
     0.51516292
      1.5337405
      1.8268247
     0.63114460
      1.4177470
      1.5289411
      1.9558699
      1.5784156
      1.0876084
      1.9890916
     0.98400849
      1.1438565
      1.1983069
     0.68186794
      1.0648211
      1.2975654
     0.36032800
      1.6182532
     0.32294781
     0.88901558
     0.94232486
