      1.1037534
     0.97347922
     0.86102223
      1.2357092
      1.7766048
      1.2038602
      1.3976642
      1.9230466
      1.9942870
      1.5065261
      1.8786137
      1.9571146
      1.5975108
     0.99404869
      1.2114806
      1.0350168
      1.7584479
     0.98513989
      1.4187826
      1.5797094
     0.62466656
      1.2199488
      1.2602277
     0.83762150
      1.0786537
     0.65552177
     0.95174036
      1.9001197
      1.5818219
      2.1305878
      1.1421760
     0.92376590
     0.91964176
      1.0010983
     0.58725158
     0.95811240
     0.86234861
      1.6790577
     0.94545746
      1.0949536
      1.2052403
      1.7498081
      1.0306506
      1.1641501
      1.0309635
     0.99329188
     0.92125821
      1.1509599
      1.2637407
      1.1330243
