     0.10527377
    0.060464910
    0.062946768
    0.059988358
    0.063529196
    0.058879521
    0.058758750
    0.058778794
    0.058477152
    0.058417883
    0.053984868
    0.054252238
    0.059838442
    0.056441308
    0.053565405
    0.054465628
    0.056057311
    0.048669802
    0.050162356
    0.052422252
    0.051151263
    0.054796560
    0.053335438
    0.052513907
    0.056208541
    0.055700283
    0.055441945
    0.052987474
    0.051448382
    0.054370283
    0.052638841
    0.053396641
    0.053978699
    0.048369576
    0.055775514
    0.049757553
    0.051388962
    0.051830380
    0.052729640
    0.051127081
    0.050086560
    0.051498435
    0.051667347
    0.051096880
    0.048381041
    0.049767410
    0.045422822
    0.049647110
    0.049689915
    0.045385546
    0.047258176
    0.047941663
    0.045509325
    0.047027445
    0.044483916
    0.042873435
    0.044085464
    0.043572222
    0.039773043
    0.040393228
    0.039801984
    0.040235796
    0.040352038
    0.037620033
    0.036287071
    0.035111946
    0.033815381
    0.034942136
    0.034008056
    0.033068360
    0.031727821
    0.029085123
    0.029816985
    0.027804081
    0.027172569
    0.025283360
    0.026188473
    0.025520969
    0.023866435
    0.024365250
    0.024167084
    0.021562812
    0.019938997
    0.023642562
    0.019610290
    0.019306508
    0.018674494
    0.018928300
    0.018292094
    0.017986004
    0.018402752
    0.018624278
    0.017535596
    0.018580508
    0.018030048
    0.015628758
    0.017029010
    0.017518691
    0.016203237
    0.016660257
    0.017947917
    0.015236210
    0.014806086
    0.014392819
    0.014387551
    0.013228210
    0.012269624
    0.013204357
    0.012881422
    0.011805063
    0.011050231
    0.010482884
    0.010389573
    0.011124071
    0.010504616
   0.0087913860
   0.0097731505
   0.0098645984
   0.0092668871
   0.0088898499
   0.0086926433
   0.0087030289
   0.0072403352
   0.0075694390
   0.0083528081
   0.0090630703
   0.0083294387
   0.0080160687
   0.0085376705
   0.0067810065
   0.0067634833
   0.0073142108
   0.0071932536
   0.0075885341
   0.0080256874
   0.0072621388
   0.0073262960
   0.0078018657
   0.0077751019
   0.0070852428
   0.0086184026
   0.0071883381
   0.0080277223
   0.0082573101
   0.0070730689
   0.0076608103
   0.0063908548
   0.0079390411
   0.0072010339
   0.0069475124
    0.012141572
   0.0075586969
    0.010186425
   0.0077628736
   0.0092272362
   0.0072629565
   0.0068079320
   0.0075714334
   0.0066213209
   0.0074151202
   0.0072474615
   0.0075729454
   0.0067145639
   0.0067144829
   0.0067117089
   0.0073441729
   0.0075473232
   0.0069169973
   0.0073155350
   0.0077398700
   0.0071211898
   0.0067197616
   0.0062001954
   0.0071577071
   0.0074087733
   0.0066384828
   0.0069746770
   0.0067955115
   0.0080547045
   0.0071921317
   0.0064161539
   0.0067307968
   0.0076977818
   0.0070610723
   0.0075547669
   0.0070227655
   0.0071703593
   0.0072423250
   0.0081164682
   0.0067622684
   0.0071475294
   0.0077968161
   0.0077210717
   0.0075314009
   0.0071854497
   0.0066131226
   0.0071078413
   0.0063134777
   0.0071458368
   0.0067012507
