   0.0045705155
   0.0044321609
   0.0044055879
   0.0044329923
   0.0044711406
   0.0047860314
   0.0040278938
   0.0046162582
   0.0043272916
   0.0041521120
   0.0039199436
   0.0060791521
   0.0070230462
   0.0046678096
   0.0045925723
   0.0037697961
   0.0051149751
   0.0035042029
   0.0036190687
   0.0034675752
   0.0037030834
   0.0035548954
   0.0034626106
   0.0035375285
   0.0062595975
   0.0037290638
   0.0047329189
   0.0034917125
   0.0035262615
   0.0041130665
   0.0042741049
   0.0036083730
   0.0035729747
   0.0029617838
   0.0079016861
   0.0034888224
   0.0034521484
   0.0036619334
   0.0043948639
   0.0033933056
   0.0035796402
   0.0036640830
   0.0036749942
   0.0038996260
   0.0036652961
   0.0037366692
   0.0032882033
   0.0041125757
   0.0035043459
   0.0034720911
   0.0037258794
   0.0037334060
   0.0041848776
   0.0034918536
   0.0040187650
   0.0035077631
   0.0039732189
   0.0035856994
   0.0035709207
   0.0035876963
   0.0037279094
   0.0042327242
   0.0040783946
   0.0036475711
   0.0034678829
   0.0037564192
   0.0037723911
   0.0056913825
   0.0037234429
   0.0039591993
   0.0039170298
   0.0026938483
   0.0044417493
   0.0040831054
   0.0037393812
   0.0035388647
   0.0035719827
   0.0035201382
   0.0033863196
   0.0064448692
   0.0032572031
   0.0037113275
   0.0032537543
   0.0034724828
   0.0032950061
   0.0032881766
   0.0034850704
   0.0035017303
   0.0032762307
   0.0034194098
   0.0032565476
   0.0032962198
   0.0030895620
   0.0038790844
   0.0034053054
   0.0031781820
   0.0031964855
   0.0034602402
   0.0035683490
   0.0035687136
   0.0040550695
   0.0034695979
   0.0038987286
   0.0032670982
   0.0040936799
   0.0034667857
   0.0027767207
   0.0034787604
   0.0031743740
   0.0036366724
   0.0029273586
   0.0030334929
   0.0029860718
   0.0031861055
   0.0030526245
   0.0034181920
   0.0038776467
   0.0033749679
   0.0029492766
   0.0034612985
   0.0035043379
   0.0031952277
   0.0026760297
   0.0026714946
   0.0041951995
   0.0087807957
   0.0027048725
   0.0031834628
   0.0030630595
   0.0028004828
   0.0031722231
   0.0026450663
   0.0027938062
   0.0035601230
   0.0032984571
   0.0027875581
   0.0029614274
   0.0028072848
   0.0028799370
   0.0033169461
   0.0063527206
   0.0028847711
   0.0035527856
   0.0026286611
   0.0032321175
   0.0026768497
   0.0025719830
   0.0029127059
   0.0027980802
   0.0025923709
    0.021381825
   0.0034451821
    0.014978562
   0.0026209585
   0.0099085670
   0.0032097805
   0.0026072585
   0.0027374907
   0.0028943614
   0.0030333824
   0.0029024805
   0.0038481347
   0.0025907886
   0.0026907162
   0.0026175275
   0.0029891817
   0.0027064222
   0.0025898387
   0.0028773856
   0.0031662935
   0.0028166923
   0.0028374609
   0.0026870070
   0.0029190070
   0.0026506989
   0.0027258681
   0.0031655965
   0.0033987149
   0.0028738892
   0.0024717450
   0.0028930402
   0.0025573697
   0.0027487224
   0.0026948075
   0.0031992897
   0.0028705648
   0.0031192296
   0.0028413460
   0.0030430130
   0.0024831736
   0.0025180120
   0.0028577102
   0.0029271574
   0.0028349979
   0.0028123020
   0.0025184439
   0.0029659923
   0.0025993123
   0.0027967657
   0.0029085036
