     0.10501164
    0.067857100
    0.058926405
    0.061464221
    0.059945190
    0.060617157
    0.058081638
    0.057671539
    0.059198770
    0.055309610
    0.057662514
    0.054025550
    0.052450748
    0.057126176
    0.055586738
    0.052907483
    0.054065946
    0.052085299
    0.054875573
    0.056245876
    0.055464125
    0.053255046
    0.056890701
    0.051509104
    0.052585655
    0.052298392
    0.050044490
    0.049148187
    0.048473057
    0.049979609
    0.049690285
    0.051379081
    0.055870273
    0.052543619
    0.050293604
    0.049561314
    0.049965849
    0.050727682
    0.052661524
    0.053256633
    0.051300410
    0.050136327
    0.048883615
    0.048687622
    0.055144775
    0.049575306
    0.048004500
    0.047165910
    0.049870210
    0.050595025
    0.050429605
    0.051201318
    0.052367743
    0.045653397
    0.046505007
    0.046840945
    0.050576293
    0.046516475
    0.045977573
    0.041209143
    0.053519984
    0.046482374
    0.043313698
    0.042707663
    0.042096193
    0.041252336
    0.044655156
    0.042385773
    0.041820237
    0.040690187
    0.039518813
    0.039523373
    0.037011437
    0.041674111
    0.035919266
    0.033763164
    0.032727654
    0.031532688
    0.031272840
    0.030808936
    0.032168516
    0.029125935
    0.026898207
    0.027140343
    0.028523061
    0.023778109
    0.023791669
    0.022741840
    0.023114135
    0.019563285
    0.021988570
    0.020403635
    0.021809172
    0.022334306
    0.022448254
    0.018539873
    0.018886693
    0.017007788
    0.019281401
    0.017459869
    0.019365364
    0.017178212
    0.018784718
    0.017487540
    0.018427900
    0.017393322
    0.018035267
    0.017116813
    0.016288331
    0.014985821
    0.014323065
    0.013991750
    0.013895870
    0.013677890
    0.013868126
    0.013832163
    0.014093173
    0.013717395
    0.012106352
    0.013805570
    0.014032862
    0.011135323
    0.011689314
    0.010899279
    0.010666298
    0.011420086
   0.0093051066
   0.0097136141
   0.0095702118
   0.0085826010
   0.0094747551
   0.0088634241
   0.0098020811
   0.0088978986
   0.0082079833
   0.0092060271
   0.0081638345
   0.0077026498
   0.0087349084
   0.0079117097
   0.0085801639
   0.0068603645
   0.0067595932
   0.0080145889
   0.0078232978
   0.0071752580
   0.0071753091
   0.0077634976
   0.0075662294
   0.0066286502
   0.0071028942
   0.0080081492
   0.0072279050
   0.0075091454
   0.0066586470
   0.0073083557
   0.0065615207
   0.0080762583
   0.0077644859
   0.0072128402
   0.0068224991
   0.0073002062
   0.0071540731
   0.0076008602
   0.0080610258
   0.0077420571
   0.0072149631
   0.0064455707
   0.0069514852
   0.0071535705
   0.0074637022
   0.0068728004
   0.0081180861
   0.0070659072
   0.0069103334
   0.0068196627
   0.0068714401
   0.0075629016
   0.0066919566
   0.0075180380
   0.0076674070
   0.0071755646
   0.0075782000
   0.0072482871
   0.0069667656
   0.0076814025
   0.0069736815
   0.0072370169
   0.0073170445
   0.0068135691
   0.0064052858
   0.0073760437
   0.0067255403
   0.0067598962
   0.0070935146
   0.0074326378
   0.0070589482
   0.0069908346
   0.0070054462
   0.0066362358
