  0.00091944853
  0.00036567484
   0.0010438070
   0.0011764319
   0.0013738648
   0.0016239186
   0.0013156786
   0.0013773084
   0.0013833907
   0.0014116523
   0.0013801459
   0.0014568712
   0.0011180968
   0.0010734914
   0.0012609095
   0.0012939242
   0.0012534194
   0.0015856029
   0.0013008162
   0.0013365194
   0.0012028613
   0.0012044426
   0.0013818562
   0.0012712041
   0.0013069191
   0.0012485242
   0.0013161079
   0.0011815174
   0.0012290757
   0.0013899213
   0.0013931950
   0.0013379333
   0.0015457167
   0.0013865693
   0.0011434322
   0.0013480175
   0.0011766750
   0.0012295339
   0.0012586000
   0.0012735798
   0.0013717212
   0.0011907544
   0.0011930857
   0.0011175386
   0.0013415725
   0.0014400449
   0.0015507585
   0.0013829470
   0.0012213076
   0.0013421855
  0.00060158195
   0.0012595556
   0.0013343619
   0.0013368436
   0.0011942269
   0.0013893681
   0.0011919602
   0.0012642472
   0.0010468242
   0.0013667877
   0.0014785028
   0.0014048750
   0.0013236745
   0.0014445345
   0.0014287831
   0.0013598836
   0.0014787916
   0.0014381090
  0.00090678205
   0.0013611878
   0.0014616123
   0.0013225178
   0.0013789668
   0.0011480588
   0.0012506629
   0.0013254715
   0.0013888967
   0.0015960723
   0.0013606840
   0.0016059710
   0.0013766636
   0.0012130405
   0.0012414734
   0.0012374084
   0.0012262196
   0.0016636510
   0.0015281813
   0.0012621141
   0.0012782451
   0.0016889662
   0.0013734338
   0.0012062268
   0.0012181838
   0.0015317352
   0.0014893388
  0.00096386204
   0.0012634396
   0.0013295361
   0.0011910802
  0.00090918262
   0.0011761133
   0.0015161921
   0.0012469514
   0.0012035778
   0.0010309637
   0.0011156086
   0.0013767668
   0.0013600312
   0.0010842991
   0.0010373535
   0.0012097903
   0.0014651357
   0.0014088919
   0.0011663438
   0.0013710406
   0.0012332276
   0.0010551739
   0.0014843723
   0.0014306929
   0.0014770592
   0.0015040889
   0.0013771271
   0.0013559784
   0.0012583134
   0.0011721048
   0.0013217854
   0.0015189434
   0.0011886756
   0.0010960051
   0.0014705565
   0.0012990932
   0.0012947203
   0.0013583405
   0.0013373115
   0.0018037322
  0.00099944202
   0.0014190071
   0.0013620327
   0.0014059025
  0.00096116760
   0.0011194152
   0.0015735064
   0.0011750360
  0.00094588706
   0.0013826527
   0.0010140896
   0.0014405256
   0.0013255224
   0.0014261367
   0.0011308024
   0.0014353111
   0.0013938380
   0.0010115339
   0.0013791022
   0.0014387146
   0.0015823114
   0.0015766477
   0.0013394491
   0.0012967657
   0.0012312010
   0.0014187501
   0.0012358560
   0.0012389399
   0.0012119825
   0.0011550391
   0.0014362214
   0.0012431184
   0.0011920073
   0.0013316912
   0.0011028028
   0.0013939828
   0.0010009423
   0.0013212209
   0.0014053215
   0.0016105303
   0.0013099339
   0.0012030936
   0.0014170461
   0.0012055141
   0.0013059202
   0.0011332353
   0.0014134273
   0.0014184996
   0.0012813927
   0.0013298022
   0.0015688669
   0.0012752038
   0.0012612044
   0.0012591798
   0.0012659841
   0.0016254921
   0.0012716604
   0.0012412774
   0.0014398222
   0.0015533816
   0.0012223741
   0.0014331700
   0.0014250333
   0.0014081195
   0.0015553193
