   0.0027215696
   0.0017501142
   0.0018873682
   0.0016991570
   0.0018430086
   0.0015602107
   0.0017360471
   0.0019035732
   0.0017907351
   0.0016056775
   0.0019338215
   0.0019127266
   0.0018457596
   0.0021242512
   0.0018648542
   0.0023393499
   0.0030395093
   0.0017017575
   0.0016643563
   0.0017861485
   0.0020463026
   0.0018656857
   0.0018701307
   0.0019278965
   0.0017758929
   0.0016981451
   0.0018045298
   0.0018306223
   0.0021143558
   0.0018322084
   0.0018184203
   0.0018995641
   0.0017455088
   0.0016871948
   0.0018401747
   0.0018537762
   0.0019044840
   0.0017053318
   0.0018587704
   0.0018086963
   0.0017388304
   0.0021718790
   0.0019353508
   0.0024535453
   0.0016396713
   0.0021704515
   0.0016653796
   0.0017633102
   0.0030951757
   0.0016732685
   0.0089981635
   0.0017519742
   0.0015832865
   0.0017904714
   0.0016170780
   0.0017426713
   0.0020679174
   0.0027697951
   0.0021460507
   0.0015763493
   0.0021635041
   0.0016358114
   0.0017510054
   0.0016717188
   0.0018658161
   0.0021968385
   0.0016519276
   0.0020065030
   0.0047245808
   0.0018919532
   0.0019521862
   0.0016492135
   0.0024406313
   0.0022141152
   0.0016799088
   0.0017213086
   0.0016077768
   0.0017085659
   0.0018229966
   0.0019180523
   0.0016570190
   0.0017884314
   0.0017075494
   0.0019672312
   0.0017325321
   0.0016396132
   0.0016051224
   0.0016733993
   0.0018665066
   0.0018016402
   0.0017033883
   0.0018553741
   0.0019031650
   0.0015637501
   0.0016280579
   0.0025466600
   0.0024907951
   0.0016991912
   0.0017403392
   0.0028548310
   0.0019563665
   0.0018582901
   0.0017836918
   0.0018454312
   0.0020428291
   0.0018218760
   0.0017069246
   0.0017010498
   0.0024132694
   0.0028536246
   0.0021710908
   0.0015701643
   0.0020378822
   0.0024093777
   0.0020985386
   0.0021354422
   0.0023965374
   0.0016798762
   0.0018442291
   0.0017372563
   0.0014923776
   0.0019729730
   0.0020610431
   0.0027090233
   0.0024892924
   0.0018221403
   0.0018888877
   0.0018487466
   0.0033677124
   0.0017007201
   0.0016877208
   0.0018471092
   0.0017603484
   0.0020241986
   0.0014741930
   0.0031209968
   0.0015443089
   0.0017377324
   0.0018416124
   0.0027926268
   0.0022738288
   0.0015920173
   0.0030952319
   0.0048685556
   0.0018500896
   0.0034147988
   0.0017193529
   0.0018743044
   0.0020336151
   0.0017812167
   0.0017714110
   0.0020572410
   0.0024373118
   0.0016539848
   0.0018015824
   0.0016051546
   0.0017217857
   0.0016906148
   0.0018286457
   0.0018848053
   0.0017231971
   0.0020152536
   0.0020641530
   0.0018472936
   0.0020927608
   0.0016067342
   0.0025552169
   0.0047587667
   0.0017023725
   0.0020284770
   0.0019888806
   0.0030450774
   0.0017123936
   0.0017222178
   0.0015274352
   0.0018486653
   0.0018782308
   0.0016760200
   0.0017032213
   0.0022642718
   0.0020664458
   0.0017356067
   0.0018624641
   0.0024273025
   0.0019237144
   0.0018246910
   0.0018740640
   0.0019477949
   0.0016484653
   0.0019008980
   0.0016456812
   0.0020762325
   0.0018277176
   0.0018560752
   0.0017628128
   0.0029642337
   0.0020583527
   0.0018956340
   0.0016925668
   0.0017541556
