      3.0303224
      2.9808774
      2.9676920
      2.9657008
      2.9629343
      2.9597021
      2.9637277
      2.9628879
      2.9628060
      2.9624280
      2.9628497
      2.9618310
      2.9665620
      2.9672358
      2.9644907
      2.9640288
      2.9645963
      2.9601804
      2.9639332
      2.9634416
      2.9653177
      2.9652949
      2.9628267
      2.9643461
      2.9638487
      2.9646655
      2.9637218
      2.9656268
      2.9649418
      2.9627184
      2.9626745
      2.9634222
      2.9606844
      2.9627633
      2.9661853
      2.9632846
      2.9656973
      2.9649353
      2.9645232
      2.9643128
      2.9629632
      2.9654927
      2.9654589
      2.9665704
      2.9633725
      2.9620521
      2.9606203
      2.9628120
      2.9650528
      2.9633641
      2.9754728
      2.9645098
      2.9634711
      2.9634371
      2.9654424
      2.9627258
      2.9654752
      2.9644437
      2.9676453
      2.9630299
      2.9615487
      2.9625183
      2.9636177
      2.9619930
      2.9622008
      2.9631234
      2.9615449
      2.9620776
      2.9698872
      2.9631057
      2.9617690
      2.9636336
      2.9628656
      2.9661170
      2.9646353
      2.9635930
      2.9627321
      2.9600491
      2.9631125
      2.9599254
      2.9628966
      2.9651713
      2.9647655
      2.9648232
      2.9649826
      2.9592121
      2.9609080
      2.9644738
      2.9642474
      2.9589030
      2.9629401
      2.9652692
      2.9650975
      2.9608626
      2.9614080
      2.9689539
      2.9644551
      2.9635372
      2.9654880
      2.9698473
      2.9657055
      2.9610617
      2.9646878
      2.9653074
      2.9678914
      2.9665993
      2.9628952
      2.9631214
      2.9670713
      2.9677920
      2.9652180
      2.9617229
      2.9624648
      2.9658482
      2.9629724
      2.9648827
      2.9675166
      2.9614724
      2.9621755
      2.9615675
      2.9612174
      2.9628903
      2.9631764
      2.9645273
      2.9657640
      2.9636436
      2.9610264
      2.9655228
      2.9668940
      2.9616522
      2.9639571
      2.9640178
      2.9631443
      2.9634307
      2.9575296
      2.9683860
      2.9623303
      2.9630943
      2.9625046
      2.9689973
      2.9665423
      2.9603326
      2.9657212
      2.9692447
      2.9628160
      2.9681552
      2.9620457
      2.9635923
      2.9622358
      2.9663726
      2.9621145
      2.9626659
      2.9681954
      2.9628637
      2.9620696
      2.9602217
      2.9602930
      2.9634015
      2.9639894
      2.9649115
      2.9623337
      2.9648453
      2.9648014
      2.9651865
      2.9660141
      2.9621025
      2.9647421
      2.9654745
      2.9635077
      2.9667915
      2.9626639
      2.9683623
      2.9636514
      2.9625124
      2.9598686
      2.9638070
      2.9653144
      2.9623563
      2.9652795
      2.9638625
      2.9663364
      2.9624044
      2.9623370
      2.9642035
      2.9635335
      2.9603911
      2.9642900
      2.9644866
      2.9645151
      2.9644193
      2.9596826
      2.9643397
      2.9647682
      2.9620550
      2.9605870
      2.9650375
      2.9621428
      2.9622504
      2.9624751
      2.9605625
